0 0.42930503260868136 0.9268929362297058 0.9268929362297058 
1 0.5144776016677497 0.9268929362297058 0.9268929362297058 
2 0.5853357532760128 0.9321148991584778 0.9321148991584778 
3 0.6355458561156411 0.9321148991584778 0.9321148991584778 
4 0.6674332976690494 0.937336802482605 0.937336802482605 
5 0.6797384962119395 0.937336802482605 0.937336802482605 
6 0.7155066910490859 0.942558765411377 0.942558765411377 
7 0.7413868723087944 0.942558765411377 0.942558765411377 
8 0.7361241445396445 0.9477806687355042 0.9477806687355042 
9 0.7585213370621204 0.9556135535240173 0.9556135535240173 
10 0.7851358536572661 0.9556135535240173 0.9556135535240173 
11 0.8105621752038132 0.9660574197769165 0.9660574197769165 
12 0.8281301011156756 0.9660574197769165 0.9660574197769165 
13 0.8341832584919757 0.9660574197769165 0.9660574197769165 
14 0.8548364082816988 0.9660574197769165 0.9660574197769165 
15 0.8546018277411349 0.9660574197769165 0.9660574197769165 
16 0.8715578074916266 0.9660574197769165 0.9660574197769165 
17 0.8688652482524049 0.9686684012413025 0.9686684012413025 
18 0.8992177272011759 0.9686684012413025 0.9686684012413025 
19 0.8872083020396531 0.9686684012413025 0.9686684012413025 
20 0.8805737965594744 0.9686684012413025 0.9686684012413025 
21 0.8816956938826479 0.9686684012413025 0.9686684012413025 
22 0.8895234934752807 0.9765012860298157 0.9765012860298157 
23 0.8907575850025751 0.9765012860298157 0.9765012860298157 
24 0.897162611654494 0.9765012860298157 0.9765012860298157 
25 0.9060256198281422 0.9765012860298157 0.9765012860298157 
26 0.915536267333664 0.9765012860298157 0.9765012860298157 
27 0.9198096849722788 0.9765012860298157 0.9765012860298157 
28 0.9276935780071653 0.9765012860298157 0.9765012860298157 
29 0.9370665385504253 0.9765012860298157 0.9765012860298157 
30 0.9217526103020646 0.9791122674942017 0.9791122674942017 
31 0.9255823661806062 0.9791122674942017 0.9791122674942017 
32 0.9264186902728397 0.9791122674942017 0.9791122674942017 
33 0.9285451987525448 0.9791122674942017 0.9791122674942017 
34 0.9319465954904445 0.9791122674942017 0.9791122674942017 
35 0.9419722965685651 0.9791122674942017 0.9791122674942017 
36 0.9480560524389148 0.9791122674942017 0.9791122674942017 
37 0.9376172872725874 0.9791122674942017 0.9791122674942017 
38 0.9475409945007414 0.9791122674942017 0.9791122674942017 
39 0.9454501817235723 0.9817232489585876 0.9817232489585876 
40 0.9478724653599784 0.9817232489585876 0.9817232489585876 
41 0.9505293277325109 0.9817232489585876 0.9817232489585876 
42 0.9563377070007846 0.9817232489585876 0.9817232489585876 
43 0.9573729166295379 0.9817232489585876 0.9817232489585876 
44 0.9575310021755286 0.9817232489585876 0.9817232489585876 
45 0.957342321111355 0.9817232489585876 0.9817232489585876 
46 0.9578675755765289 0.9817232489585876 0.9817232489585876 
47 0.9632475942489691 0.9817232489585876 0.9817232489585876 
48 0.961529049440287 0.9817232489585876 0.9817232489585876 
49 0.9646652684314176 0.9817232489585876 0.9817232489585876 
50 0.9673578271176666 0.9817232489585876 0.9817232489585876 
