0 0.4230937898682896 0.9007833003997803 0.9007833003997803 
1 0.5043346110032871 0.9007833003997803 0.9007833003997803 
2 0.5605570728512248 0.9007833003997803 0.9007833003997803 
3 0.6105937914544484 0.9060052037239075 0.9060052037239075 
4 0.6528792027529562 0.9060052037239075 0.9060052037239075 
5 0.6860313315264648 0.9242819547653198 0.9242819547653198 
6 0.6910696814156836 0.9242819547653198 0.9242819547653198 
7 0.7436000740417512 0.9242819547653198 0.9242819547653198 
8 0.7465170135255903 0.9268929362297058 0.9268929362297058 
9 0.7860282731999177 0.939947783946991 0.939947783946991 
10 0.7892052888055332 0.939947783946991 0.939947783946991 
11 0.8012963065848453 0.9451696872711182 0.9451696872711182 
12 0.836615740772686 0.9451696872711182 0.9451696872711182 
13 0.8447342135914369 0.9634464979171753 0.9634464979171753 
14 0.8446832141926279 0.9634464979171753 0.9634464979171753 
15 0.853949085532804 0.9712793827056885 0.9712793827056885 
16 0.8551015806442592 0.9712793827056885 0.9712793827056885 
17 0.8796354816586245 0.9712793827056885 0.9712793827056885 
18 0.8908187804627232 0.9712793827056885 0.9712793827056885 
19 0.8995033007813618 0.9712793827056885 0.9712793827056885 
20 0.8963619839341845 0.9712793827056885 0.9712793827056885 
21 0.9111098635767121 0.9712793827056885 0.9712793827056885 
22 0.9266277743154205 0.9712793827056885 0.9712793827056885 
23 0.9300189711502753 0.9738903641700745 0.9738903641700745 
24 0.929662003822159 0.9738903641700745 0.9738903641700745 
25 0.9300546669401228 0.9765012860298157 0.9765012860298157 
26 0.9386983933509327 0.9765012860298157 0.9765012860298157 
27 0.9427729281596839 0.9791122674942017 0.9791122674942017 
28 0.9422272772353608 0.9791122674942017 0.9791122674942017 
29 0.9498204973351676 0.9791122674942017 0.9791122674942017 
30 0.9500601777108386 0.9791122674942017 0.9791122674942017 
31 0.9514880503702443 0.9791122674942017 0.9791122674942017 
32 0.9484283236670308 0.9817232489585876 0.9817232489585876 
33 0.9551342212653253 0.9817232489585876 0.9817232489585876 
34 0.9564856022479944 0.9843342304229736 0.9843342304229736 
35 0.9576125991588924 0.9843342304229736 0.9843342304229736 
36 0.9561337318446022 0.9843342304229736 0.9843342304229736 
37 0.9523906671383884 0.9843342304229736 0.9843342304229736 
38 0.9474747080821544 0.9843342304229736 0.9843342304229736 
39 0.9460162397881504 0.9843342304229736 0.9843342304229736 
40 0.9542571018100716 0.9869451522827148 0.9869451522827148 
41 0.9506874230573885 0.9869451522827148 0.9869451522827148 
42 0.9612689759524073 0.9869451522827148 0.9869451522827148 
43 0.9624469719128683 0.9869451522827148 0.9869451522827148 
44 0.9546089738141745 0.9869451522827148 0.9869451522827148 
45 0.9592750557349063 0.9869451522827148 0.9869451522827148 
46 0.9623194795276504 0.9895561337471008 0.9895561337471008 
47 0.9601419749087654 0.9895561337471008 0.9895561337471008 
48 0.961243475205265 0.9895561337471008 0.9895561337471008 
49 0.9651038278825581 0.9895561337471008 0.9895561337471008 
50 0.9680054662749171 0.9895561337471008 0.9895561337471008 
