0 0.40518419386353344 0.8642297387123108 0.8642297387123108 
1 0.49600195669336244 0.8642297387123108 0.8642297387123108 
2 0.5615361846721498 0.8694517016410828 0.8694517016410828 
3 0.6048619031644193 0.8903394341468811 0.8903394341468811 
4 0.6264278706075856 0.9112271666526794 0.9112271666526794 
5 0.6444088592979824 0.9112271666526794 0.9112271666526794 
6 0.6863322012504796 0.9112271666526794 0.9112271666526794 
7 0.7014064514514757 0.9190600514411926 0.9190600514411926 
8 0.7596432319842279 0.939947783946991 0.939947783946991 
9 0.757246447930811 0.939947783946991 0.939947783946991 
10 0.7861506580084097 0.939947783946991 0.939947783946991 
11 0.8155954206740716 0.939947783946991 0.939947783946991 
12 0.7981855822727084 0.939947783946991 0.939947783946991 
13 0.8170334944152273 0.939947783946991 0.939947783946991 
14 0.8200065280834679 0.939947783946991 0.939947783946991 
15 0.8295018779754173 0.9503916501998901 0.9503916501998901 
16 0.8328726770996582 0.9503916501998901 0.9503916501998901 
17 0.865264973777812 0.9503916501998901 0.9503916501998901 
18 0.8524906161474064 0.9503916501998901 0.9503916501998901 
19 0.8581919049902353 0.9530026316642761 0.9530026316642761 
20 0.8735415303090122 0.9582245349884033 0.9582245349884033 
21 0.8860966045467649 0.9582245349884033 0.9582245349884033 
22 0.8878967421187554 0.9634464979171753 0.9634464979171753 
23 0.8976317703491077 0.9634464979171753 0.9634464979171753 
24 0.9000234563427512 0.9660574197769165 0.9660574197769165 
25 0.8925577252739458 0.9660574197769165 0.9660574197769165 
26 0.8931798705598339 0.9660574197769165 0.9660574197769165 
27 0.910814089293126 0.9712793827056885 0.9712793827056885 
28 0.9107885915291263 0.9738903641700745 0.9738903641700745 
29 0.9171834189619403 0.9738903641700745 0.9738903641700745 
30 0.9190141560975462 0.9765012860298157 0.9765012860298157 
31 0.9126601266325451 0.9765012860298157 0.9765012860298157 
32 0.9312683580210432 0.9791122674942017 0.9791122674942017 
33 0.9288970692723524 0.9791122674942017 0.9791122674942017 
34 0.9276884784339927 0.9817232489585876 0.9817232489585876 
35 0.9250877104932442 0.9817232489585876 0.9817232489585876 
36 0.9255364715354517 0.9817232489585876 0.9817232489585876 
37 0.9201768526836531 0.9843342304229736 0.9843342304229736 
38 0.9339405189384706 0.9843342304229736 0.9843342304229736 
39 0.9323290646425448 0.9843342304229736 0.9843342304229736 
40 0.9438285345386248 0.9843342304229736 0.9843342304229736 
41 0.9434409681707621 0.9843342304229736 0.9843342304229736 
42 0.9474798061419278 0.9843342304229736 0.9843342304229736 
43 0.9532473887666129 0.9843342304229736 0.9843342304229736 
44 0.950855705072172 0.9843342304229736 0.9843342304229736 
45 0.9530077140079811 0.9869451522827148 0.9869451522827148 
46 0.9490759663749486 0.9869451522827148 0.9869451522827148 
47 0.9538695375376847 0.9869451522827148 0.9869451522827148 
48 0.9508251100196503 0.9869451522827148 0.9869451522827148 
49 0.9549455404048786 0.9895561337471008 0.9895561337471008 
50 0.9579593708331231 0.9895561337471008 0.9895561337471008 
0 0.39826411366811953 0.9060052037239075 0.9060052037239075 
1 0.4916316483722767 0.9112271666526794 0.9112271666526794 
2 0.557833917089738 0.9112271666526794 0.9112271666526794 
3 0.5891706102411263 0.9216710329055786 0.9216710329055786 
4 0.6259791121556191 0.934725821018219 0.934725821018219 
5 0.636943129284191 0.937336802482605 0.937336802482605 
6 0.6846544539439492 0.937336802482605 0.937336802482605 
7 0.6931604931305628 0.937336802482605 0.937336802482605 
8 0.719627120270161 0.939947783946991 0.939947783946991 
9 0.7532586084853392 0.9686684012413025 0.9686684012413025 
10 0.7607090398087166 0.9686684012413025 0.9686684012413025 
11 0.7457826768586528 0.9686684012413025 0.9686684012413025 
12 0.7706276508688461 0.9686684012413025 0.9686684012413025 
13 0.7873082543083001 0.9686684012413025 0.9686684012413025 
14 0.8006843561306596 0.9712793827056885 0.9712793827056885 
15 0.8333316329444642 0.9712793827056885 0.9712793827056885 
16 0.84295956933056 0.9712793827056885 0.9712793827056885 
17 0.865433255181415 0.9712793827056885 0.9712793827056885 
18 0.8775854670820991 0.9712793827056885 0.9712793827056885 
19 0.8875907690598979 0.9765012860298157 0.9765012860298157 
20 0.8929452899501484 0.9765012860298157 0.9765012860298157 
21 0.9071220194164198 0.9765012860298157 0.9765012860298157 
22 0.9085243944209651 0.9765012860298157 0.9765012860298157 
23 0.9000642538594548 0.9765012860298157 0.9765012860298157 
24 0.9012320505280513 0.9765012860298157 0.9765012860298157 
25 0.8979173487241496 0.9765012860298157 0.9765012860298157 
26 0.9022723598063749 0.9765012860298157 0.9765012860298157 
27 0.9159901302627986 0.9765012860298157 0.9765012860298157 
28 0.9187795796315186 0.9765012860298157 0.9765012860298157 
29 0.921839305665344 0.9791122674942017 0.9791122674942017 
30 0.9140675998132792 0.9791122674942017 0.9791122674942017 
31 0.919977969257161 0.9791122674942017 0.9791122674942017 
32 0.9247205438441597 0.9791122674942017 0.9791122674942017 
33 0.9302841440512566 0.9791122674942017 0.9791122674942017 
34 0.9360721253979136 0.9817232489585876 0.9817232489585876 
35 0.9401364606746938 0.9817232489585876 0.9817232489585876 
36 0.9433032755623572 0.9817232489585876 0.9817232489585876 
37 0.9416153283091262 0.9817232489585876 0.9817232489585876 
38 0.9450422221561894 0.9817232489585876 0.9817232489585876 
39 0.9461641215602867 0.9817232489585876 0.9817232489585876 
40 0.9603051547892392 0.9817232489585876 0.9817232489585876 
41 0.9554911861778237 0.9817232489585876 0.9817232489585876 
42 0.9578369783703238 0.9817232489585876 0.9817232489585876 
43 0.9547721532871947 0.9817232489585876 0.9817232489585876 
44 0.9572709292988293 0.9817232489585876 0.9817232489585876 
45 0.9602490645484067 0.9817232489585876 0.9817232489585876 
46 0.9591424627578817 0.9817232489585876 0.9817232489585876 
47 0.9565977927704807 0.9817232489585876 0.9817232489585876 
48 0.9622888834564947 0.9817232489585876 0.9817232489585876 
49 0.9584438272868283 0.9817232489585876 0.9817232489585876 
50 0.9588823872618377 0.9817232489585876 0.9817232489585876 
0 0.40669365832582116 0.8903394341468811 0.8903394341468811 
1 0.5031515166774625 0.8929504156112671 0.8929504156112671 
2 0.5735762068798067 0.8929504156112671 0.8929504156112671 
3 0.6324147362465737 0.9190600514411926 0.9190600514411926 
4 0.6639146133820759 0.9190600514411926 0.9190600514411926 
5 0.6886524976434885 0.937336802482605 0.937336802482605 
6 0.6864239958522376 0.937336802482605 0.937336802482605 
7 0.7301933744456619 0.937336802482605 0.937336802482605 
8 0.7615402650408214 0.937336802482605 0.937336802482605 
9 0.7661145553574897 0.9530026316642761 0.9530026316642761 
10 0.7908626372445724 0.9556135535240173 0.9556135535240173 
11 0.8142644408362685 0.9556135535240173 0.9556135535240173 
12 0.828191293447162 0.9556135535240173 0.9556135535240173 
13 0.8385535647830693 0.9582245349884033 0.9582245349884033 
14 0.855790019777487 0.9634464979171753 0.9634464979171753 
15 0.8672843897365965 0.9712793827056885 0.9712793827056885 
16 0.8700228440720821 0.9712793827056885 0.9712793827056885 
17 0.867590361929615 0.9712793827056885 0.9712793827056885 
18 0.8805890964868013 0.9712793827056885 0.9712793827056885 
19 0.8837202158465516 0.9712793827056885 0.9712793827056885 
20 0.8896968808257952 0.9712793827056885 0.9712793827056885 
21 0.8915939110374893 0.9712793827056885 0.9712793827056885 
22 0.8799363546131644 0.9712793827056885 0.9712793827056885 
23 0.8788246538460953 0.9712793827056885 0.9712793827056885 
24 0.8925220284145325 0.9712793827056885 0.9712793827056885 
25 0.898906656075269 0.9738903641700745 0.9738903641700745 
26 0.9070557265367825 0.9738903641700745 0.9738903641700745 
27 0.8984069023863412 0.9738903641700745 0.9738903641700745 
28 0.9021091701288242 0.9738903641700745 0.9738903641700745 
29 0.9001203497755341 0.9765012860298157 0.9765012860298157 
30 0.9094474151497707 0.9765012860298157 0.9765012860298157 
31 0.9090343530697282 0.9765012860298157 0.9765012860298157 
32 0.9051281017891597 0.9765012860298157 0.9765012860298157 
33 0.9067446573753841 0.9765012860298157 0.9765012860298157 
34 0.9099012735823635 0.9765012860298157 0.9765012860298157 
35 0.8963262912584469 0.9765012860298157 0.9765012860298157 
36 0.9110282741021365 0.9765012860298157 0.9765012860298157 
37 0.9201615544152446 0.9765012860298157 0.9765012860298157 
38 0.9181778316924465 0.9765012860298157 0.9765012860298157 
39 0.9173925038485322 0.9765012860298157 0.9765012860298157 
40 0.9310949764767429 0.9765012860298157 0.9765012860298157 
41 0.925587470352184 0.9765012860298157 0.9765012860298157 
42 0.9199320770567283 0.9765012860298157 0.9765012860298157 
43 0.924190194637049 0.9765012860298157 0.9765012860298157 
44 0.9288817738124635 0.9765012860298157 0.9765012860298157 
45 0.9259495375736151 0.9765012860298157 0.9765012860298157 
46 0.9269643452134915 0.9765012860298157 0.9765012860298157 
47 0.928784880816238 0.9765012860298157 0.9765012860298157 
48 0.9266736695717555 0.9765012860298157 0.9765012860298157 
49 0.93162532459246 0.9765012860298157 0.9765012860298157 
50 0.9463936018291861 0.9765012860298157 0.9765012860298157 
0 0.4195751045481302 0.8851174712181091 0.8851174712181091 
1 0.4991738725802861 0.9190600514411926 0.9190600514411926 
2 0.5558348965423647 0.9190600514411926 0.9190600514411926 
3 0.5866412368050078 0.9216710329055786 0.9216710329055786 
4 0.6308338767848909 0.9295039176940918 0.9295039176940918 
5 0.6620532779052155 0.9295039176940918 0.9295039176940918 
6 0.6842464899091283 0.937336802482605 0.937336802482605 
7 0.7016257324139588 0.937336802482605 0.937336802482605 
8 0.7280056714953389 0.9477806687355042 0.9477806687355042 
9 0.7503722660621861 0.9477806687355042 0.9477806687355042 
10 0.7560582549122046 0.9530026316642761 0.9530026316642761 
11 0.790434274909785 0.9530026316642761 0.9530026316642761 
12 0.8129181599215372 0.9660574197769165 0.9660574197769165 
13 0.8147437956504291 0.9660574197769165 0.9660574197769165 
14 0.8300934203143697 0.9660574197769165 0.9660574197769165 
15 0.8419243606040254 0.9660574197769165 0.9660574197769165 
16 0.848497670769575 0.9686684012413025 0.9686684012413025 
17 0.8472176849027164 0.9686684012413025 0.9686684012413025 
18 0.887621365240193 0.9686684012413025 0.9686684012413025 
19 0.8802423265879042 0.9712793827056885 0.9712793827056885 
20 0.8871573073411128 0.9712793827056885 0.9712793827056885 
21 0.8831388689868618 0.9712793827056885 0.9712793827056885 
22 0.9057808414072497 0.9738903641700745 0.9738903641700745 
23 0.8858365296473494 0.9765012860298157 0.9765012860298157 
24 0.9015074253402418 0.9765012860298157 0.9765012860298157 
25 0.9130221927771345 0.9765012860298157 0.9765012860298157 
26 0.9225940360629465 0.9765012860298157 0.9765012860298157 
27 0.9189325659099268 0.9791122674942017 0.9791122674942017 
28 0.933450965450902 0.9817232489585876 0.9817232489585876 
29 0.9243584792202455 0.9817232489585876 0.9817232489585876 
30 0.9271071334951557 0.9817232489585876 0.9817232489585876 
31 0.92900416161865 0.9817232489585876 0.9817232489585876 
32 0.9354346833424643 0.9817232489585876 0.9817232489585876 
33 0.9388921723439125 0.9817232489585876 0.9817232489585876 
34 0.95305360344355 0.9817232489585876 0.9817232489585876 
35 0.947444105608156 0.9817232489585876 0.9817232489585876 
36 0.9486985940166051 0.9817232489585876 0.9817232489585876 
37 0.9442313954932615 0.9817232489585876 0.9817232489585876 
38 0.9545936670474475 0.9817232489585876 0.9817232489585876 
39 0.9473421177244745 0.9817232489585876 0.9817232489585876 
40 0.9524059637042228 0.9817232489585876 0.9817232489585876 
41 0.9563734096009284 0.9817232489585876 0.9817232489585876 
42 0.939748900331324 0.9817232489585876 0.9817232489585876 
43 0.9417173246038146 0.9817232489585876 0.9817232489585876 
44 0.9464140041382052 0.9843342304229736 0.9843342304229736 
45 0.9453736974392086 0.9843342304229736 0.9843342304229736 
46 0.9442670975404326 0.9843342304229736 0.9843342304229736 
47 0.9418193175806664 0.9843342304229736 0.9843342304229736 
48 0.9457102689630119 0.9843342304229736 0.9843342304229736 
49 0.9553943010396324 0.9843342304229736 0.9843342304229736 
50 0.9472299331100658 0.9843342304229736 0.9843342304229736 
0 0.4230937898682896 0.9007833003997803 0.9007833003997803 
1 0.5043346110032871 0.9007833003997803 0.9007833003997803 
2 0.5605570728512248 0.9007833003997803 0.9007833003997803 
3 0.6105937914544484 0.9060052037239075 0.9060052037239075 
4 0.6528792027529562 0.9060052037239075 0.9060052037239075 
5 0.6860313315264648 0.9242819547653198 0.9242819547653198 
6 0.6910696814156836 0.9242819547653198 0.9242819547653198 
7 0.7436000740417512 0.9242819547653198 0.9242819547653198 
8 0.7465170135255903 0.9268929362297058 0.9268929362297058 
9 0.7860282731999177 0.939947783946991 0.939947783946991 
10 0.7892052888055332 0.939947783946991 0.939947783946991 
11 0.8012963065848453 0.9451696872711182 0.9451696872711182 
12 0.836615740772686 0.9451696872711182 0.9451696872711182 
13 0.8447342135914369 0.9634464979171753 0.9634464979171753 
14 0.8446832141926279 0.9634464979171753 0.9634464979171753 
15 0.853949085532804 0.9712793827056885 0.9712793827056885 
16 0.8551015806442592 0.9712793827056885 0.9712793827056885 
17 0.8796354816586245 0.9712793827056885 0.9712793827056885 
18 0.8908187804627232 0.9712793827056885 0.9712793827056885 
19 0.8995033007813618 0.9712793827056885 0.9712793827056885 
20 0.8963619839341845 0.9712793827056885 0.9712793827056885 
21 0.9111098635767121 0.9712793827056885 0.9712793827056885 
22 0.9266277743154205 0.9712793827056885 0.9712793827056885 
23 0.9300189711502753 0.9738903641700745 0.9738903641700745 
24 0.929662003822159 0.9738903641700745 0.9738903641700745 
25 0.9300546669401228 0.9765012860298157 0.9765012860298157 
26 0.9386983933509327 0.9765012860298157 0.9765012860298157 
27 0.9427729281596839 0.9791122674942017 0.9791122674942017 
28 0.9422272772353608 0.9791122674942017 0.9791122674942017 
29 0.9498204973351676 0.9791122674942017 0.9791122674942017 
30 0.9500601777108386 0.9791122674942017 0.9791122674942017 
31 0.9514880503702443 0.9791122674942017 0.9791122674942017 
32 0.9484283236670308 0.9817232489585876 0.9817232489585876 
33 0.9551342212653253 0.9817232489585876 0.9817232489585876 
34 0.9564856022479944 0.9843342304229736 0.9843342304229736 
35 0.9576125991588924 0.9843342304229736 0.9843342304229736 
36 0.9561337318446022 0.9843342304229736 0.9843342304229736 
37 0.9523906671383884 0.9843342304229736 0.9843342304229736 
38 0.9474747080821544 0.9843342304229736 0.9843342304229736 
39 0.9460162397881504 0.9843342304229736 0.9843342304229736 
40 0.9542571018100716 0.9869451522827148 0.9869451522827148 
41 0.9506874230573885 0.9869451522827148 0.9869451522827148 
42 0.9612689759524073 0.9869451522827148 0.9869451522827148 
43 0.9624469719128683 0.9869451522827148 0.9869451522827148 
44 0.9546089738141745 0.9869451522827148 0.9869451522827148 
45 0.9592750557349063 0.9869451522827148 0.9869451522827148 
46 0.9623194795276504 0.9895561337471008 0.9895561337471008 
47 0.9601419749087654 0.9895561337471008 0.9895561337471008 
48 0.961243475205265 0.9895561337471008 0.9895561337471008 
49 0.9651038278825581 0.9895561337471008 0.9895561337471008 
50 0.9680054662749171 0.9895561337471008 0.9895561337471008 
0 0.4163215963926632 0.8929504156112671 0.8929504156112671 
1 0.49791428628668655 0.9190600514411926 0.9190600514411926 
2 0.5720310455217259 0.9190600514411926 0.9190600514411926 
3 0.6077737433952279 0.9190600514411926 0.9190600514411926 
4 0.6351123931526672 0.9190600514411926 0.9190600514411926 
5 0.6781984330445994 0.9268929362297058 0.9268929362297058 
6 0.6803861368680373 0.934725821018219 0.934725821018219 
7 0.7057410653214902 0.9503916501998901 0.9503916501998901 
8 0.7126407485338859 0.9503916501998901 0.9503916501998901 
9 0.7267562835186254 0.9503916501998901 0.9503916501998901 
10 0.7502039811006398 0.9556135535240173 0.9556135535240173 
11 0.7784299526028917 0.9556135535240173 0.9556135535240173 
12 0.798858721536817 0.9556135535240173 0.9556135535240173 
13 0.8029740517231403 0.9556135535240173 0.9556135535240173 
14 0.8229132660198957 0.9608355164527893 0.9608355164527893 
15 0.8412818195938598 0.9686684012413025 0.9686684012413025 
16 0.8248102954385104 0.9686684012413025 0.9686684012413025 
17 0.8356723237666301 0.9686684012413025 0.9686684012413025 
18 0.8684113903145771 0.9686684012413025 0.9686684012413025 
19 0.8910533604794182 0.9712793827056885 0.9712793827056885 
20 0.8761218968575122 0.9712793827056885 0.9712793827056885 
21 0.8814101211755769 0.9712793827056885 0.9712793827056885 
22 0.9001917403074913 0.9738903641700745 0.9738903641700745 
23 0.9041387867182493 0.9738903641700745 0.9738903641700745 
24 0.9026854156691115 0.9738903641700745 0.9738903641700745 
25 0.8981621197017375 0.9791122674942017 0.9791122674942017 
26 0.9000132535293233 0.9791122674942017 0.9791122674942017 
27 0.9063060903426958 0.9791122674942017 0.9791122674942017 
28 0.8954848616122035 0.9791122674942017 0.9791122674942017 
29 0.9123898483230732 0.9791122674942017 0.9791122674942017 
30 0.9129304013622459 0.9791122674942017 0.9791122674942017 
31 0.9185195014288183 0.9791122674942017 0.9791122674942017 
32 0.9250877127051353 0.9791122674942017 0.9791122674942017 
33 0.9206511092925211 0.9791122674942017 0.9791122674942017 
34 0.9271530247206101 0.9791122674942017 0.9791122674942017 
35 0.9359752333548386 0.9791122674942017 0.9791122674942017 
36 0.9388207792653702 0.9791122674942017 0.9791122674942017 
37 0.9304626282537356 0.9791122674942017 0.9791122674942017 
38 0.9236037416849285 0.9791122674942017 0.9791122674942017 
39 0.9310388757730834 0.9791122674942017 0.9791122674942017 
40 0.9407892018789425 0.9791122674942017 0.9791122674942017 
41 0.9266532673500478 0.9791122674942017 0.9791122674942017 
42 0.9327676204266027 0.9791122674942017 0.9791122674942017 
43 0.939947776554618 0.9791122674942017 0.9791122674942017 
44 0.9347207456012256 0.9791122674942017 0.9791122674942017 
45 0.9354193829349242 0.9791122674942017 0.9791122674942017 
46 0.9402435493539087 0.9791122674942017 0.9791122674942017 
47 0.9432420812663622 0.9817232489585876 0.9817232489585876 
48 0.9460264318622649 0.9817232489585876 0.9817232489585876 
49 0.9402333522448316 0.9817232489585876 0.9817232489585876 
50 0.9361435177925159 0.9817232489585876 0.9817232489585876 
0 0.4149192214827053 0.9112271666526794 0.9112271666526794 
1 0.5063591291254852 0.9112271666526794 0.9112271666526794 
2 0.5514951851946535 0.9268929362297058 0.9268929362297058 
3 0.6044590411620447 0.9268929362297058 0.9268929362297058 
4 0.6463364883238683 0.9268929362297058 0.9268929362297058 
5 0.650880182365654 0.934725821018219 0.934725821018219 
6 0.6981733425491257 0.934725821018219 0.934725821018219 
7 0.7156137803540332 0.934725821018219 0.934725821018219 
8 0.7444363983668154 0.9451696872711182 0.9451696872711182 
9 0.771948431734927 0.9451696872711182 0.9451696872711182 
10 0.7838099699729355 0.9451696872711182 0.9451696872711182 
11 0.8184664637374226 0.9556135535240173 0.9556135535240173 
12 0.8226633875019616 0.9556135535240173 0.9556135535240173 
13 0.8436327088566031 0.9556135535240173 0.9556135535240173 
14 0.864994693925837 0.9582245349884033 0.9582245349884033 
15 0.8781311167113017 0.9608355164527893 0.9608355164527893 
16 0.8848370166670065 0.9608355164527893 0.9608355164527893 
17 0.8982233178685419 0.9634464979171753 0.9634464979171753 
18 0.909243430767674 0.9660574197769165 0.9660574197769165 
19 0.9077033692447003 0.9660574197769165 0.9660574197769165 
20 0.909207732998766 0.9686684012413025 0.9686684012413025 
21 0.9001713435864076 0.9686684012413025 0.9686684012413025 
22 0.8987434730952373 0.9686684012413025 0.9686684012413025 
23 0.9034605515480507 0.9686684012413025 0.9686684012413025 
24 0.9109517794277053 0.9712793827056885 0.9712793827056885 
25 0.904398865706753 0.9712793827056885 0.9712793827056885 
26 0.9099216690228786 0.9712793827056885 0.9712793827056885 
27 0.9079226483881939 0.9712793827056885 0.9712793827056885 
28 0.9060052203130908 0.9712793827056885 0.9712793827056885 
29 0.904653842037078 0.9712793827056885 0.9712793827056885 
30 0.9136086379003245 0.9712793827056885 0.9712793827056885 
31 0.9288613730168436 0.9738903641700745 0.9738903641700745 
32 0.9320077924057841 0.9738903641700745 0.9738903641700745 
33 0.919442518701544 0.9738903641700745 0.9738903641700745 
34 0.9197637913457584 0.9738903641700745 0.9738903641700745 
35 0.9162298090523109 0.9738903641700745 0.9738903641700745 
36 0.9130374957894674 0.9765012860298157 0.9765012860298157 
37 0.9109925786178792 0.9765012860298157 0.9765012860298157 
38 0.9188050806405954 0.9765012860298157 0.9765012860298157 
39 0.9266328805824742 0.9765012860298157 0.9765012860298157 
40 0.9178310700663133 0.9765012860298157 0.9765012860298157 
41 0.9255772753094789 0.9765012860298157 0.9765012860298157 
42 0.9202125543961301 0.9791122674942017 0.9791122674942017 
43 0.9281525439582765 0.9791122674942017 0.9791122674942017 
44 0.9233742720098235 0.9791122674942017 0.9791122674942017 
45 0.9191365507722367 0.9791122674942017 0.9791122674942017 
46 0.9279689595277887 0.9791122674942017 0.9791122674942017 
47 0.9318803070345894 0.9791122674942017 0.9791122674942017 
48 0.9348074433510192 0.9817232489585876 0.9817232489585876 
49 0.9344300749216927 0.9817232489585876 0.9817232489585876 
50 0.9418295087525621 0.9817232489585876 0.9817232489585876 
0 0.4073209031339502 0.9530026316642761 0.9530026316642761 
1 0.5084703395841643 0.9530026316642761 0.9530026316642761 
2 0.5846269167377613 0.9530026316642761 0.9530026316642761 
3 0.6185490795614896 0.9530026316642761 0.9530026316642761 
4 0.6462650961620966 0.9530026316642761 0.9530026316642761 
5 0.6441997802176047 0.9530026316642761 0.9530026316642761 
6 0.6749245272221742 0.9582245349884033 0.9582245349884033 
7 0.7104071477369871 0.9660574197769165 0.9660574197769165 
8 0.7378477901220322 0.9660574197769165 0.9660574197769165 
9 0.7562775379483355 0.9660574197769165 0.9660574197769165 
10 0.7586590244245599 0.9686684012413025 0.9686684012413025 
11 0.7846156994492048 0.9712793827056885 0.9712793827056885 
12 0.8020969322969904 0.9712793827056885 0.9712793827056885 
13 0.8206745676652645 0.9712793827056885 0.9712793827056885 
14 0.8407055716088507 0.9738903641700745 0.9738903641700745 
15 0.8432808408979326 0.9738903641700745 0.9738903641700745 
16 0.8588548463885672 0.9765012860298157 0.9765012860298157 
17 0.8560296994110104 0.9765012860298157 0.9765012860298157 
18 0.8703951119096018 0.9765012860298157 0.9765012860298157 
19 0.8806043975419016 0.9765012860298157 0.9765012860298157 
20 0.897866351166158 0.9791122674942017 0.9791122674942017 
21 0.9075758821272757 0.9791122674942017 0.9791122674942017 
22 0.9186673878575675 0.9791122674942017 0.9791122674942017 
23 0.9058981355046853 0.9791122674942017 0.9791122674942017 
24 0.9137361326720566 0.9791122674942017 0.9791122674942017 
25 0.9096717971260659 0.9791122674942017 0.9791122674942017 
26 0.9293611333123408 0.9817232489585876 0.9817232489585876 
27 0.9256690643378533 0.9817232489585876 0.9817232489585876 
28 0.9299016849836335 0.9817232489585876 0.9817232489585876 
29 0.9329818074475043 0.9817232489585876 0.9817232489585876 
30 0.9233538695261814 0.9843342304229736 0.9843342304229736 
31 0.9337977319955826 0.9843342304229736 0.9843342304229736 
32 0.9182033293764107 0.9843342304229736 0.9843342304229736 
33 0.9178463615244254 0.9843342304229736 0.9843342304229736 
34 0.9356641646008939 0.9843342304229736 0.9843342304229736 
35 0.9388666799350176 0.9843342304229736 0.9843342304229736 
36 0.949953087430913 0.9843342304229736 0.9843342304229736 
37 0.9421201890800148 0.9843342304229736 0.9843342304229736 
38 0.9403608478605747 0.9843342304229736 0.9843342304229736 
39 0.9513503626221791 0.9843342304229736 0.9843342304229736 
40 0.9343076896620914 0.9843342304229736 0.9843342304229736 
41 0.9481325525557622 0.9843342304229736 0.9843342304229736 
42 0.9392695471760817 0.9843342304229736 0.9843342304229736 
43 0.9468627675669268 0.9843342304229736 0.9843342304229736 
44 0.9382445405062754 0.9843342304229736 0.9843342304229736 
45 0.9539766306406818 0.9843342304229736 0.9843342304229736 
46 0.9415439447038807 0.9843342304229736 0.9843342304229736 
47 0.9441396120237187 0.9843342304229736 0.9843342304229736 
48 0.9507435213308781 0.9843342304229736 0.9843342304229736 
49 0.9567711823619902 0.9843342304229736 0.9843342304229736 
50 0.9554300034069456 0.9843342304229736 0.9843342304229736 
0 0.424853131728014 0.9060052037239075 0.9060052037239075 
1 0.5114535733446246 0.9060052037239075 0.9060052037239075 
2 0.5806951700651553 0.9112271666526794 0.9112271666526794 
3 0.6233936442440609 0.9321148991584778 0.9321148991584778 
4 0.6551739978895057 0.934725821018219 0.934725821018219 
5 0.6774742990382947 0.934725821018219 0.934725821018219 
6 0.7243900939502055 0.934725821018219 0.934725821018219 
7 0.7532484068215126 0.9477806687355042 0.9477806687355042 
8 0.7815457702818094 0.9477806687355042 0.9477806687355042 
9 0.8102663965692045 0.9503916501998901 0.9503916501998901 
10 0.825274353090208 0.9660574197769165 0.9660574197769165 
11 0.8269113074347842 0.9660574197769165 0.9660574197769165 
12 0.8287471435178304 0.9660574197769165 0.9660574197769165 
13 0.8330664556124248 0.9660574197769165 0.9660574197769165 
14 0.8635413238662295 0.9686684012413025 0.9686684012413025 
15 0.8516338895133231 0.9686684012413025 0.9686684012413025 
16 0.8566977347218199 0.9686684012413025 0.9686684012413025 
17 0.8750203910312848 0.9712793827056885 0.9712793827056885 
18 0.9006761903874576 0.9712793827056885 0.9712793827056885 
19 0.9161686021252535 0.9712793827056885 0.9712793827056885 
20 0.9288919623359106 0.9712793827056885 0.9712793827056885 
21 0.9302178466459736 0.9712793827056885 0.9712793827056885 
22 0.9317936094594188 0.9712793827056885 0.9712793827056885 
23 0.9247511432331521 0.9712793827056885 0.9712793827056885 
24 0.9229357080766931 0.9765012860298157 0.9765012860298157 
25 0.9264135973062366 0.9765012860298157 0.9765012860298157 
26 0.9204216345679015 0.9765012860298157 0.9765012860298157 
27 0.9258016532403417 0.9765012860298157 0.9765012860298157 
28 0.9257557568926131 0.9765012860298157 0.9765012860298157 
29 0.91425628651632 0.9765012860298157 0.9765012860298157 
30 0.9196108035393991 0.9791122674942017 0.9791122674942017 
31 0.9249857191753108 0.9791122674942017 0.9791122674942017 
32 0.9407637008407619 0.9791122674942017 0.9791122674942017 
33 0.9269541371322703 0.9791122674942017 0.9791122674942017 
34 0.9269184395379853 0.9791122674942017 0.9791122674942017 
35 0.9273009048774838 0.9791122674942017 0.9791122674942017 
36 0.9375713861372788 0.9817232489585876 0.9817232489585876 
37 0.9336498383781873 0.9817232489585876 0.9817232489585876 
38 0.9195955004979623 0.9817232489585876 0.9817232489585876 
39 0.937703979347134 0.9843342304229736 0.9843342304229736 
40 0.9360058324236888 0.9843342304229736 0.9843342304229736 
41 0.937724381510634 0.9843342304229736 0.9843342304229736 
42 0.9478418757789768 0.9843342304229736 0.9843342304229736 
43 0.9419417057652026 0.9843342304229736 0.9843342304229736 
44 0.9329767122399062 0.9843342304229736 0.9843342304229736 
45 0.9371787364361808 0.9843342304229736 0.9843342304229736 
46 0.9455011908721644 0.9843342304229736 0.9843342304229736 
47 0.9411002863780595 0.9843342304229736 0.9843342304229736 
48 0.9467097842571093 0.9843342304229736 0.9843342304229736 
49 0.9401976669614669 0.9843342304229736 0.9843342304229736 
50 0.9436755548231304 0.9843342304229736 0.9843342304229736 
0 0.4168060526717454 0.877284586429596 0.877284586429596 
1 0.5012340890680207 0.9268929362297058 0.9268929362297058 
2 0.5582622796791838 0.9268929362297058 0.9268929362297058 
3 0.6003845054656267 0.9268929362297058 0.9268929362297058 
4 0.6343729597574566 0.9268929362297058 0.9268929362297058 
5 0.673557847738266 0.9268929362297058 0.9268929362297058 
6 0.6954909826890798 0.9268929362297058 0.9268929362297058 
7 0.7054656871478073 0.9268929362297058 0.9268929362297058 
8 0.7412440819462063 0.9295039176940918 0.9295039176940918 
9 0.7455786940117832 0.942558765411377 0.942558765411377 
10 0.7579501849249937 0.942558765411377 0.942558765411377 
11 0.786976784656872 0.9451696872711182 0.9451696872711182 
12 0.7928769568752614 0.9530026316642761 0.9530026316642761 
13 0.7974716459139017 0.9530026316642761 0.9530026316642761 
14 0.8181247950124089 0.9530026316642761 0.9530026316642761 
15 0.8134230162104359 0.9556135535240173 0.9556135535240173 
16 0.8000112170848297 0.9582245349884033 0.9582245349884033 
17 0.8290582139306935 0.9582245349884033 0.9582245349884033 
18 0.8421487414016156 0.9582245349884033 0.9582245349884033 
19 0.8623021345410962 0.9582245349884033 0.9582245349884033 
20 0.8626846003899118 0.9634464979171753 0.9634464979171753 
21 0.8832051612989744 0.9634464979171753 0.9634464979171753 
22 0.9028027052700054 0.9660574197769165 0.9660574197769165 
23 0.9155413635162404 0.9660574197769165 0.9660574197769165 
24 0.914470459043514 0.9660574197769165 0.9660574197769165 
25 0.9100593547627795 0.9660574197769165 0.9660574197769165 
26 0.9058726308867335 0.9686684012413025 0.9686684012413025 
27 0.9085192933416693 0.9686684012413025 0.9686684012413025 
28 0.9182033261749893 0.9686684012413025 0.9686684012413025 
29 0.9145979495660868 0.9686684012413025 0.9686684012413025 
30 0.9206103090837132 0.9686684012413025 0.9686684012413025 
31 0.9256282574497163 0.9686684012413025 0.9686684012413025 
32 0.9346187487535644 0.9686684012413025 0.9686684012413025 
33 0.9324718414572999 0.9686684012413025 0.9686684012413025 
34 0.9231753725762246 0.9686684012413025 0.9686684012413025 
35 0.9370002360083163 0.9686684012413025 0.9686684012413025 
36 0.918575586823863 0.9686684012413025 0.9686684012413025 
37 0.923603736446239 0.9686684012413025 0.9686684012413025 
38 0.9342413849662989 0.9686684012413025 0.9686684012413025 
39 0.9197076886193827 0.9686684012413025 0.9686684012413025 
40 0.9135270425467752 0.9686684012413025 0.9686684012413025 
41 0.9063111908326391 0.9686684012413025 0.9686684012413025 
42 0.9128182085114531 0.9712793827056885 0.9712793827056885 
43 0.911854395759292 0.9712793827056885 0.9712793827056885 
44 0.9112679479876533 0.9738903641700745 0.9738903641700745 
45 0.9221605719067156 0.9738903641700745 0.9738903641700745 
46 0.911385236424394 0.9738903641700745 0.9738903641700745 
47 0.9144704616628587 0.9738903641700745 0.9738903641700745 
48 0.911951289512217 0.9738903641700745 0.9738903641700745 
49 0.9184124124294613 0.9738903641700745 0.9738903641700745 
50 0.9156739598693093 0.9738903641700745 0.9738903641700745 
0 0.40493431653885636 0.8511749505996704 0.8511749505996704 
1 0.500168283469975 0.9112271666526794 0.9112271666526794 
2 0.5585682515084045 0.9112271666526794 0.9112271666526794 
3 0.5996144752862165 0.9164490699768066 0.9164490699768066 
4 0.6543886691943044 0.9268929362297058 0.9268929362297058 
5 0.6823953585408162 0.9477806687355042 0.9477806687355042 
6 0.7119574088574154 0.9477806687355042 0.9477806687355042 
7 0.7460019599529915 0.9503916501998901 0.9503916501998901 
8 0.7711682037479477 0.9556135535240173 0.9556135535240173 
9 0.7967577102826908 0.9556135535240173 0.9556135535240173 
10 0.8151466630661162 0.9608355164527893 0.9608355164527893 
11 0.8363046664162539 0.9608355164527893 0.9608355164527893 
12 0.845800015173154 0.9608355164527893 0.9608355164527893 
13 0.8599818442598917 0.9634464979171753 0.9634464979171753 
14 0.8737557082786225 0.9686684012413025 0.9686684012413025 
15 0.8997225816710852 0.9686684012413025 0.9686684012413025 
16 0.897198308215593 0.9686684012413025 0.9686684012413025 
17 0.9095137051335769 0.9686684012413025 0.9686684012413025 
18 0.9236547392501961 0.9712793827056885 0.9712793827056885 
19 0.9113342462806031 0.9712793827056885 0.9712793827056885 
20 0.9189886619569734 0.9712793827056885 0.9712793827056885 
21 0.9204471306002233 0.9712793827056885 0.9712793827056885 
22 0.9232620787806809 0.9738903641700745 0.9738903641700745 
23 0.9264288935519289 0.9738903641700745 0.9738903641700745 
24 0.9082286245538853 0.9738903641700745 0.9738903641700745 
25 0.9187540801067371 0.9738903641700745 0.9738903641700745 
26 0.9151487048075069 0.9765012860298157 0.9765012860298157 
27 0.9222064726345707 0.9765012860298157 0.9765012860298157 
28 0.9161482148629148 0.9791122674942017 0.9791122674942017 
29 0.9198810823145323 0.9791122674942017 0.9791122674942017 
30 0.9242207944625989 0.9791122674942017 0.9791122674942017 
31 0.9127672213653568 0.9791122674942017 0.9791122674942017 
32 0.9253630909952335 0.9791122674942017 0.9791122674942017 
33 0.9124969449912896 0.9791122674942017 0.9791122674942017 
34 0.9228796137613244 0.9843342304229736 0.9843342304229736 
35 0.9174180020636413 0.9843342304229736 0.9843342304229736 
36 0.9279383587418124 0.9843342304229736 0.9843342304229736 
37 0.9262810067739338 0.9843342304229736 0.9843342304229736 
38 0.9252610960393213 0.9843342304229736 0.9843342304229736 
39 0.9199983665894251 0.9843342304229736 0.9843342304229736 
40 0.9311561665963382 0.9869451522827148 0.9869451522827148 
41 0.9240780014079064 0.9869451522827148 0.9869451522827148 
42 0.9325483422726393 0.9869451522827148 0.9869451522827148 
43 0.9315233351371717 0.9869451522827148 0.9869451522827148 
44 0.9324820498586632 0.9869451522827148 0.9869451522827148 
45 0.933445864560781 0.9895561337471008 0.9895561337471008 
46 0.9353938900167122 0.9895561337471008 0.9895561337471008 
47 0.9422833736171015 0.9895561337471008 0.9895561337471008 
48 0.9354499854962341 0.9895561337471008 0.9895561337471008 
49 0.9393460372230038 0.9895561337471008 0.9895561337471008 
50 0.9372603234951384 0.9895561337471008 0.9895561337471008 
0 0.42190049728378654 0.8903394341468811 0.8903394341468811 
1 0.5028965393430553 0.9060052037239075 0.9060052037239075 
2 0.5611639204726089 0.9060052037239075 0.9060052037239075 
3 0.6146377283585025 0.9060052037239075 0.9060052037239075 
4 0.6256323441630229 0.9060052037239075 0.9060052037239075 
5 0.6704063336364925 0.937336802482605 0.937336802482605 
6 0.6875662948586978 0.9530026316642761 0.9530026316642761 
7 0.7239209375984501 0.9530026316642761 0.9530026316642761 
8 0.7445638877688907 0.9530026316642761 0.9530026316642761 
9 0.7488526038796408 0.9556135535240173 0.9556135535240173 
10 0.7675169302965514 0.9556135535240173 0.9556135535240173 
11 0.7865535249147797 0.9556135535240173 0.9556135535240173 
12 0.8153455461724661 0.9608355164527893 0.9608355164527893 
13 0.8225613991089631 0.9608355164527893 0.9608355164527893 
14 0.8574575719685527 0.9608355164527893 0.9608355164527893 
15 0.8710376548697241 0.9608355164527893 0.9608355164527893 
16 0.8773304920177907 0.9634464979171753 0.9634464979171753 
17 0.8770653166284319 0.9634464979171753 0.9634464979171753 
18 0.8830878761655185 0.9660574197769165 0.9660574197769165 
19 0.9037512259092182 0.9660574197769165 0.9660574197769165 
20 0.8901966397825163 0.9660574197769165 0.9660574197769165 
21 0.8987434746231884 0.9660574197769165 0.9660574197769165 
22 0.9095443063852144 0.9686684012413025 0.9686684012413025 
23 0.9191671457811026 0.9686684012413025 0.9686684012413025 
24 0.9172956116381101 0.9712793827056885 0.9712793827056885 
25 0.9086671856057364 0.9712793827056885 0.9712793827056885 
26 0.9213599470385816 0.9712793827056885 0.9712793827056885 
27 0.9217271120287478 0.9712793827056885 0.9712793827056885 
28 0.9214007396367379 0.9738903641700745 0.9738903641700745 
29 0.9251234050025232 0.9738903641700745 0.9738903641700745 
30 0.9250163164106198 0.9738903641700745 0.9738903641700745 
31 0.917214015906211 0.9738903641700745 0.9738903641700745 
32 0.9223747565411031 0.9738903641700745 0.9738903641700745 
33 0.9203859356348403 0.9738903641700745 0.9738903641700745 
34 0.9283412256481824 0.9791122674942017 0.9791122674942017 
35 0.9220330916068633 0.9791122674942017 0.9791122674942017 
36 0.9291112587452517 0.9791122674942017 0.9791122674942017 
37 0.9342159005755093 0.9791122674942017 0.9791122674942017 
38 0.9334509685868397 0.9791122674942017 0.9791122674942017 
39 0.9372756248048972 0.9791122674942017 0.9791122674942017 
40 0.9380915502588323 0.9791122674942017 0.9791122674942017 
41 0.9449861301691271 0.9791122674942017 0.9791122674942017 
42 0.9432267874362879 0.9791122674942017 0.9791122674942017 
43 0.9374796002884977 0.9791122674942017 0.9791122674942017 
44 0.9349757241288899 0.9791122674942017 0.9791122674942017 
45 0.9455827720521484 0.9791122674942017 0.9791122674942017 
46 0.9478418688522652 0.9791122674942017 0.9791122674942017 
47 0.9479744566342561 0.9817232489585876 0.9817232489585876 
48 0.9491218539187685 0.9817232489585876 0.9817232489585876 
49 0.942487349442672 0.9817232489585876 0.9817232489585876 
50 0.9454909802807379 0.9817232489585876 0.9817232489585876 
0 0.4063978853082517 0.9112271666526794 0.9112271666526794 
1 0.48890339306672104 0.9268929362297058 0.9268929362297058 
2 0.5542693364986917 0.9268929362297058 0.9268929362297058 
3 0.6025518116075546 0.9268929362297058 0.9268929362297058 
4 0.6222003511938965 0.9321148991584778 0.9321148991584778 
5 0.659136340560508 0.9321148991584778 0.9321148991584778 
6 0.6948178448219551 0.9321148991584778 0.9321148991584778 
7 0.7170161558751715 0.937336802482605 0.937336802482605 
8 0.7429881291318452 0.939947783946991 0.939947783946991 
9 0.7606733435823116 0.9451696872711182 0.9451696872711182 
10 0.7961151684139622 0.9503916501998901 0.9503916501998901 
11 0.8080735946423374 0.9556135535240173 0.9556135535240173 
12 0.8332143423031084 0.9556135535240173 0.9556135535240173 
13 0.8498031553608598 0.9556135535240173 0.9556135535240173 
14 0.8692936068400741 0.9556135535240173 0.9556135535240173 
15 0.8679371291655116 0.9660574197769165 0.9660574197769165 
16 0.8738576986070257 0.9660574197769165 0.9660574197769165 
17 0.8806196912846644 0.9660574197769165 0.9660574197769165 
18 0.8901252376381308 0.9686684012413025 0.9686684012413025 
19 0.9021244592149742 0.9686684012413025 0.9686684012413025 
20 0.906780339719262 0.9738903641700745 0.9738903641700745 
21 0.9070761123803095 0.9738903641700745 0.9738903641700745 
22 0.9040418868680717 0.9738903641700745 0.9738903641700745 
23 0.9002835269202478 0.9738903641700745 0.9738903641700745 
24 0.9018388903059531 0.9738903641700745 0.9738903641700745 
25 0.8990749396325555 0.9738903641700745 0.9738903641700745 
26 0.902032677520765 0.9738903641700745 0.9738903641700745 
27 0.9101052549231099 0.9765012860298157 0.9765012860298157 
28 0.91241024795454 0.9765012860298157 0.9765012860298157 
29 0.9109517797332956 0.9765012860298157 0.9765012860298157 
30 0.9191773420607205 0.9765012860298157 0.9765012860298157 
31 0.9254242811875883 0.9765012860298157 0.9765012860298157 
32 0.931049073144095 0.9765012860298157 0.9765012860298157 
33 0.9353428866052127 0.9765012860298157 0.9765012860298157 
34 0.945057513366919 0.9765012860298157 0.9765012860298157 
35 0.9498000854218844 0.9791122674942017 0.9791122674942017 
36 0.9446342479204759 0.9791122674942017 0.9791122674942017 
37 0.9472197164723184 0.9791122674942017 0.9791122674942017 
38 0.9433542636834318 0.9791122674942017 0.9791122674942017 
39 0.9396774939086754 0.9817232489585876 0.9817232489585876 
40 0.9529771020752378 0.9817232489585876 0.9817232489585876 
41 0.9485150026448537 0.9817232489585876 0.9817232489585876 
42 0.9484691084071528 0.9817232489585876 0.9817232489585876 
43 0.9516818225383759 0.9817232489585876 0.9817232489585876 
44 0.9537522401260503 0.9817232489585876 0.9817232489585876 
45 0.9522121812333353 0.9817232489585876 0.9817232489585876 
46 0.9558379583177157 0.9817232489585876 0.9817232489585876 
47 0.9558124613831751 0.9843342304229736 0.9843342304229736 
48 0.9488974818668794 0.9843342304229736 0.9843342304229736 
49 0.9515543438028544 0.9843342304229736 0.9843342304229736 
50 0.9538287400500849 0.9843342304229736 0.9843342304229736 
0 0.4048782217869302 0.9138381481170654 0.9138381481170654 
1 0.47764360380824655 0.9268929362297058 0.9268929362297058 
2 0.5446719983738149 0.9268929362297058 0.9268929362297058 
3 0.5769317083468195 0.9268929362297058 0.9268929362297058 
4 0.6309511690633371 0.9268929362297058 0.9268929362297058 
5 0.6491820338123944 0.9268929362297058 0.9268929362297058 
6 0.6642715819616569 0.9295039176940918 0.9295039176940918 
7 0.6904985313449288 0.937336802482605 0.937336802482605 
8 0.7244308907538652 0.939947783946991 0.939947783946991 
9 0.755099541391246 0.942558765411377 0.942558765411377 
10 0.7830603338079527 0.9503916501998901 0.9503916501998901 
11 0.790699447010411 0.9582245349884033 0.9582245349884033 
12 0.8098125345713925 0.9582245349884033 0.9582245349884033 
13 0.8449840827233857 0.9582245349884033 0.9582245349884033 
14 0.8360292853903957 0.9582245349884033 0.9582245349884033 
15 0.8480234108719742 0.9608355164527893 0.9608355164527893 
16 0.8540510712045943 0.9660574197769165 0.9660574197769165 
17 0.864851904931129 0.9660574197769165 0.9660574197769165 
18 0.8700381435046438 0.9686684012413025 0.9686684012413025 
19 0.8845871407247614 0.9738903641700745 0.9738903641700745 
20 0.891277741495287 0.9738903641700745 0.9738903641700745 
21 0.9054187731671846 0.9738903641700745 0.9738903641700745 
22 0.9125173337670276 0.9738903641700745 0.9738903641700745 
23 0.8893552101508249 0.9738903641700745 0.9738903641700745 
24 0.8959081234061159 0.9738903641700745 0.9738903641700745 
25 0.9032718644302804 0.9738903641700745 0.9738903641700745 
26 0.8979887421228341 0.9738903641700745 0.9738903641700745 
27 0.9228541184565984 0.9738903641700745 0.9738903641700745 
28 0.9061174203525297 0.9738903641700745 0.9738903641700745 
29 0.9092638420115691 0.9738903641700745 0.9738903641700745 
30 0.9254548937024083 0.9738903641700745 0.9738903641700745 
31 0.9169794527842896 0.9738903641700745 0.9738903641700745 
32 0.9217781242041383 0.9738903641700745 0.9738903641700745 
33 0.9277904854097869 0.9738903641700745 0.9738903641700745 
34 0.9216047404624987 0.9738903641700745 0.9738903641700745 
35 0.9232620924012735 0.9738903641700745 0.9738903641700745 
36 0.9299271946947556 0.9738903641700745 0.9738903641700745 
37 0.9354755001259036 0.9765012860298157 0.9765012860298157 
38 0.9227776367042679 0.9765012860298157 0.9765012860298157 
39 0.9263320172030944 0.9765012860298157 0.9765012860298157 
40 0.9240729200973874 0.9765012860298157 0.9765012860298157 
41 0.9218036214733729 0.9765012860298157 0.9765012860298157 
42 0.929779306112323 0.9765012860298157 0.9765012860298157 
43 0.9247358563006856 0.9765012860298157 0.9765012860298157 
44 0.922517553291982 0.9765012860298157 0.9765012860298157 
45 0.9422017885954119 0.9765012860298157 0.9765012860298157 
46 0.9291418549255468 0.9765012860298157 0.9765012860298157 
47 0.9168060551746748 0.9765012860298157 0.9765012860298157 
48 0.9224104484601412 0.9765012860298157 0.9765012860298157 
49 0.9284687030594796 0.9765012860298157 0.9765012860298157 
50 0.9357151515578153 0.9765012860298157 0.9765012860298157 
0 0.4178514593077125 0.8328981995582581 0.8328981995582581 
1 0.5223359988158336 0.8929504156112671 0.8929504156112671 
2 0.5713936039246619 0.9190600514411926 0.9190600514411926 
3 0.6109507596556796 0.9190600514411926 0.9190600514411926 
4 0.6389829481340712 0.9190600514411926 0.9190600514411926 
5 0.6903200500382809 0.9268929362297058 0.9268929362297058 
6 0.6984844185499242 0.9268929362297058 0.9268929362297058 
7 0.7265013073338196 0.9268929362297058 0.9268929362297058 
8 0.7178626809327397 0.9503916501998901 0.9503916501998901 
9 0.7567364980204729 0.9503916501998901 0.9503916501998901 
10 0.7836569873761619 0.9503916501998901 0.9503916501998901 
11 0.8057992038666271 0.9503916501998901 0.9503916501998901 
12 0.8433522406849079 0.9503916501998901 0.9503916501998901 
13 0.8391349178273231 0.9556135535240173 0.9556135535240173 
14 0.8383750828070333 0.9582245349884033 0.9582245349884033 
15 0.849599176493939 0.9634464979171753 0.9634464979171753 
16 0.8394867806200637 0.9634464979171753 0.9634464979171753 
17 0.8522305382357445 0.9634464979171753 0.9634464979171753 
18 0.8722819414688274 0.9634464979171753 0.9634464979171753 
19 0.8835774299077457 0.9634464979171753 0.9634464979171753 
20 0.8912063478273922 0.9660574197769165 0.9660574197769165 
21 0.8890084465092514 0.9791122674942017 0.9791122674942017 
22 0.8830674795390223 0.9791122674942017 0.9791122674942017 
23 0.8755354554159567 0.9791122674942017 0.9791122674942017 
24 0.9035115478909574 0.9791122674942017 0.9791122674942017 
25 0.8863362852716818 0.9791122674942017 0.9791122674942017 
26 0.8873714923756779 0.9817232489585876 0.9817232489585876 
27 0.8954746662057005 0.9817232489585876 0.9817232489585876 
28 0.8907575884368271 0.9817232489585876 0.9817232489585876 
29 0.90655087295454 0.9817232489585876 0.9817232489585876 
30 0.9079991420221631 0.9817232489585876 0.9817232489585876 
31 0.9296569022699259 0.9817232489585876 0.9817232489585876 
32 0.9310592770925723 0.9843342304229736 0.9843342304229736 
33 0.9157045549072791 0.9843342304229736 0.9843342304229736 
34 0.929916983761359 0.9843342304229736 0.9843342304229736 
35 0.9355417806073092 0.9843342304229736 0.9843342304229736 
36 0.9251591122010723 0.9843342304229736 0.9843342304229736 
37 0.9303096508374438 0.9843342304229736 0.9843342304229736 
38 0.9333999757072888 0.9843342304229736 0.9843342304229736 
39 0.9348788428469561 0.9843342304229736 0.9843342304229736 
40 0.9302331612852868 0.9843342304229736 0.9843342304229736 
41 0.9370614499202929 0.9843342304229736 0.9843342304229736 
42 0.9402129686786793 0.9843342304229736 0.9843342304229736 
43 0.941314471536316 0.9843342304229736 0.9843342304229736 
44 0.9327319404401351 0.9843342304229736 0.9843342304229736 
45 0.9357406707422342 0.9843342304229736 0.9843342304229736 
46 0.9323239768273197 0.9843342304229736 0.9843342304229736 
47 0.9337773466686485 0.9843342304229736 0.9843342304229736 
48 0.945781671529403 0.9843342304229736 0.9843342304229736 
49 0.9466995896946173 0.9843342304229736 0.9843342304229736 
50 0.9444404948444571 0.9843342304229736 0.9843342304229736 
0 0.41399620425363537 0.8903394341468811 0.8903394341468811 
1 0.510290876874933 0.8903394341468811 0.8903394341468811 
2 0.5659523908252595 0.9216710329055786 0.9216710329055786 
3 0.60355642142531 0.9216710329055786 0.9216710329055786 
4 0.631246940465644 0.9216710329055786 0.9216710329055786 
5 0.6805391248199157 0.9216710329055786 0.9216710329055786 
6 0.6991473566740751 0.942558765411377 0.942558765411377 
7 0.7298007089120802 0.9477806687355042 0.9477806687355042 
8 0.7426158617599867 0.9503916501998901 0.9503916501998901 
9 0.7798272284999257 0.9634464979171753 0.9634464979171753 
10 0.7929381524736527 0.9660574197769165 0.9660574197769165 
11 0.8243564366857754 0.9660574197769165 0.9660574197769165 
12 0.8477123439952265 0.9660574197769165 0.9660574197769165 
13 0.8575646598328603 0.9686684012413025 0.9686684012413025 
14 0.862485719146207 0.9738903641700745 0.9738903641700745 
15 0.8818741817813134 0.9738903641700745 0.9738903641700745 
16 0.8900028537755134 0.9738903641700745 0.9738903641700745 
17 0.8943527650262695 0.9738903641700745 0.9738903641700745 
18 0.9087538770836545 0.9738903641700745 0.9738903641700745 
19 0.9278363706253003 0.9738903641700745 0.9738903641700745 
20 0.9142154951696284 0.9738903641700745 0.9738903641700745 
21 0.9120532914676005 0.9738903641700745 0.9738903641700745 
22 0.9229408180399332 0.9738903641700745 0.9738903641700745 
23 0.9253325043391669 0.9738903641700745 0.9738903641700745 
24 0.917994262490538 0.9765012860298157 0.9765012860298157 
25 0.9289990774414036 0.9765012860298157 0.9765012860298157 
26 0.926525799324736 0.9765012860298157 0.9765012860298157 
27 0.9209570976381656 0.9791122674942017 0.9791122674942017 
28 0.9249704380199546 0.9791122674942017 0.9791122674942017 
29 0.9292132566624787 0.9791122674942017 0.9791122674942017 
30 0.9152813028340461 0.9791122674942017 0.9791122674942017 
31 0.9258271560975118 0.9791122674942017 0.9791122674942017 
32 0.9230275034933584 0.9791122674942017 0.9791122674942017 
33 0.9223951574822422 0.9817232489585876 0.9817232489585876 
34 0.9156637581181712 0.9817232489585876 0.9817232489585876 
35 0.9136902322643436 0.9817232489585876 0.9817232489585876 
36 0.9259342335280962 0.9817232489585876 0.9817232489585876 
37 0.9353479901328683 0.9817232489585876 0.9817232489585876 
38 0.9095290036930237 0.9817232489585876 0.9817232489585876 
39 0.9244451664853841 0.9817232489585876 0.9817232489585876 
40 0.9172344136604806 0.9817232489585876 0.9817232489585876 
41 0.9290245576703455 0.9817232489585876 0.9817232489585876 
42 0.919156942574773 0.9843342304229736 0.9843342304229736 
43 0.9218851986515801 0.9843342304229736 0.9843342304229736 
44 0.9290755548863672 0.9843342304229736 0.9843342304229736 
45 0.9314468425582163 0.9843342304229736 0.9843342304229736 
46 0.9368625581264496 0.9843342304229736 0.9843342304229736 
47 0.9367554684286006 0.9843342304229736 0.9843342304229736 
48 0.9380048571620136 0.9843342304229736 0.9843342304229736 
49 0.9322729723935481 0.9843342304229736 0.9843342304229736 
50 0.9408759019279387 0.9843342304229736 0.9843342304229736 
0 0.4268215555784991 0.9033942818641663 0.9033942818641663 
1 0.5100359001808101 0.9112271666526794 0.9112271666526794 
2 0.5712508159631398 0.9268929362297058 0.9268929362297058 
3 0.6118380788539071 0.9268929362297058 0.9268929362297058 
4 0.6514513296133373 0.9268929362297058 0.9268929362297058 
5 0.6816712219733745 0.9321148991584778 0.9321148991584778 
6 0.7156392778269947 0.939947783946991 0.939947783946991 
7 0.7406015396118164 0.939947783946991 0.939947783946991 
8 0.7555279021471506 0.942558765411377 0.942558765411377 
9 0.7710560103005264 0.9451696872711182 0.9451696872711182 
10 0.7953043371671811 0.9451696872711182 0.9451696872711182 
11 0.802759868078283 0.9477806687355042 0.9477806687355042 
12 0.8396601617860142 0.9556135535240173 0.9556135535240173 
13 0.8398182483870187 0.9608355164527893 0.9608355164527893 
14 0.8682787996949628 0.9608355164527893 0.9608355164527893 
15 0.8641430704301456 0.9608355164527893 0.9608355164527893 
16 0.8718688784574624 0.9608355164527893 0.9608355164527893 
17 0.89058930050669 0.9634464979171753 0.9634464979171753 
18 0.8971575142932124 0.9660574197769165 0.9660574197769165 
19 0.9307380047685001 0.9660574197769165 0.9660574197769165 
20 0.9246236558392411 0.9660574197769165 0.9660574197769165 
21 0.9301464634190779 0.9686684012413025 0.9686684012413025 
22 0.9305646262073424 0.9686684012413025 0.9686684012413025 
23 0.9393256421317346 0.9686684012413025 0.9686684012413025 
24 0.939004367828602 0.9686684012413025 0.9686684012413025 
25 0.9233742640353739 0.9686684012413025 0.9686684012413025 
26 0.9379793540865649 0.9712793827056885 0.9712793827056885 
27 0.9442874853266403 0.9712793827056885 0.9712793827056885 
28 0.9366942654014565 0.9712793827056885 0.9712793827056885 
29 0.9458122482756153 0.9765012860298157 0.9765012860298157 
30 0.9497694965684786 0.9765012860298157 0.9765012860298157 
31 0.9404526327271014 0.9765012860298157 0.9765012860298157 
32 0.9335325555293821 0.9765012860298157 0.9765012860298157 
33 0.9431706934556132 0.9817232489585876 0.9817232489585876 
34 0.942829024119419 0.9817232489585876 0.9817232489585876 
35 0.9345218684902648 0.9817232489585876 0.9817232489585876 
36 0.9399477821425535 0.9817232489585876 0.9817232489585876 
37 0.9304320328810718 0.9817232489585876 0.9817232489585876 
38 0.9332469787914306 0.9817232489585876 0.9817232489585876 
39 0.949167754384689 0.9817232489585876 0.9817232489585876 
40 0.9407943052356131 0.9817232489585876 0.9817232489585876 
41 0.9445577687147306 0.9817232489585876 0.9817232489585876 
42 0.9541296141687781 0.9817232489585876 0.9817232489585876 
43 0.9483773300307803 0.9817232489585876 0.9817232489585876 
44 0.9591883607208729 0.9817232489585876 0.9817232489585876 
45 0.9505650349310599 0.9817232489585876 0.9817232489585876 
46 0.9560521438688738 0.9817232489585876 0.9817232489585876 
47 0.9561388360452838 0.9817232489585876 0.9817232489585876 
48 0.9547058647731319 0.9817232489585876 0.9817232489585876 
49 0.9617483337060548 0.9817232489585876 0.9817232489585876 
50 0.9558073666703422 0.9843342304229736 0.9843342304229736 
0 0.42136504396330565 0.9242819547653198 0.9242819547653198 
1 0.5269204876531148 0.9242819547653198 0.9242819547653198 
2 0.5575840392993996 0.9242819547653198 0.9242819547653198 
3 0.6141991663898807 0.937336802482605 0.937336802482605 
4 0.6482335172622697 0.939947783946991 0.939947783946991 
5 0.6732110806187848 0.9477806687355042 0.9477806687355042 
6 0.7144255883467849 0.9556135535240173 0.9556135535240173 
7 0.7363536223419942 0.9556135535240173 0.9556135535240173 
8 0.7632333125948207 0.9582245349884033 0.9582245349884033 
9 0.7804799671284854 0.9582245349884033 0.9582245349884033 
10 0.8018317534369999 0.9582245349884033 0.9582245349884033 
11 0.8262126674235333 0.9608355164527893 0.9608355164527893 
12 0.8352847553032916 0.9608355164527893 0.9608355164527893 
13 0.8359374973151716 0.9608355164527893 0.9608355164527893 
14 0.8615881985751912 0.9634464979171753 0.9634464979171753 
15 0.8481152060849126 0.9634464979171753 0.9634464979171753 
16 0.857712543773232 0.9634464979171753 0.9634464979171753 
17 0.8778812358214054 0.9634464979171753 0.9634464979171753 
18 0.8768205333617516 0.9634464979171753 0.9634464979171753 
19 0.8856580433784984 0.9634464979171753 0.9634464979171753 
20 0.8929707902134396 0.9660574197769165 0.9660574197769165 
21 0.8942660774628166 0.9660574197769165 0.9660574197769165 
22 0.8946485440246761 0.9660574197769165 0.9660574197769165 
23 0.8949341187253594 0.9660574197769165 0.9660574197769165 
24 0.9047660383512266 0.9660574197769165 0.9660574197769165 
25 0.8944292636588216 0.9660574197769165 0.9660574197769165 
26 0.8991718381294049 0.9660574197769165 0.9660574197769165 
27 0.8968107487162342 0.9660574197769165 0.9660574197769165 
28 0.9017879022285342 0.9660574197769165 0.9660574197769165 
29 0.8974940844927914 0.9660574197769165 0.9660574197769165 
30 0.9078002614842262 0.9660574197769165 0.9660574197769165 
31 0.9042101814411581 0.9660574197769165 0.9660574197769165 
32 0.9146897408063523 0.9660574197769165 0.9660574197769165 
33 0.915153797599487 0.9660574197769165 0.9660574197769165 
34 0.919483307050541 0.9660574197769165 0.9660574197769165 
35 0.9182951117982157 0.9660574197769165 0.9660574197769165 
36 0.9214721257449128 0.9660574197769165 0.9660574197769165 
37 0.9124714319477789 0.9660574197769165 0.9660574197769165 
38 0.9316457152017392 0.9660574197769165 0.9660574197769165 
39 0.9241289882775163 0.9660574197769165 0.9660574197769165 
40 0.9194476075936109 0.9660574197769165 0.9660574197769165 
41 0.9359242306672968 0.9660574197769165 0.9660574197769165 
42 0.9361639073467813 0.9660574197769165 0.9660574197769165 
43 0.9334560503193643 0.9660574197769165 0.9660574197769165 
44 0.9390961446915753 0.9660574197769165 0.9660574197769165 
45 0.9393613202846609 0.9660574197769165 0.9660574197769165 
46 0.933486646565143 0.9712793827056885 0.9712793827056885 
47 0.9422629607142881 0.9712793827056885 0.9712793827056885 
48 0.9393919182548416 0.9712793827056885 0.9712793827056885 
49 0.9364851796999574 0.9712793827056885 0.9712793827056885 
50 0.9364341849577613 0.9738903641700745 0.9738903641700745 
0 0.42373123177094385 0.9268929362297058 0.9268929362297058 
1 0.5243197201489238 0.9268929362297058 0.9268929362297058 
2 0.5715822859056061 0.9268929362297058 0.9268929362297058 
3 0.597442069571116 0.9268929362297058 0.9268929362297058 
4 0.6235874273406807 0.9268929362297058 0.9268929362297058 
5 0.6700289653672371 0.9268929362297058 0.9268929362297058 
6 0.6893868308106903 0.9268929362297058 0.9268929362297058 
7 0.7348135614593048 0.9321148991584778 0.9321148991584778 
8 0.7677413110504858 0.939947783946991 0.939947783946991 
9 0.7721371167135658 0.939947783946991 0.939947783946991 
10 0.8122909180092392 0.942558765411377 0.942558765411377 
11 0.8356825229711831 0.9477806687355042 0.9477806687355042 
12 0.8319139589002589 0.9530026316642761 0.9530026316642761 
13 0.8486455604142975 0.9556135535240173 0.9556135535240173 
14 0.8705990933813155 0.9582245349884033 0.9582245349884033 
15 0.8837661117722746 0.9608355164527893 0.9608355164527893 
16 0.875142784541822 0.9634464979171753 0.9634464979171753 
17 0.896015214297222 0.9634464979171753 0.9634464979171753 
18 0.8962038993486203 0.9686684012413025 0.9686684012413025 
19 0.9002988310530782 0.9686684012413025 0.9686684012413025 
20 0.8977949555264786 0.9686684012413025 0.9686684012413025 
21 0.9157912433729507 0.9686684012413025 0.9686684012413025 
22 0.9226246317266487 0.9712793827056885 0.9712793827056885 
23 0.9132873693597503 0.9738903641700745 0.9738903641700745 
24 0.9148886264301836 0.9738903641700745 0.9738903641700745 
25 0.9206919051939622 0.9765012860298157 0.9765012860298157 
26 0.9317630142904818 0.9765012860298157 0.9765012860298157 
27 0.9343994781374931 0.9791122674942017 0.9791122674942017 
28 0.9394429282401688 0.9791122674942017 0.9791122674942017 
29 0.9466026873560622 0.9791122674942017 0.9791122674942017 
30 0.9427321348921396 0.9791122674942017 0.9791122674942017 
31 0.9405597292934544 0.9817232489585876 0.9817232489585876 
32 0.9417938175029121 0.9817232489585876 0.9817232489585876 
33 0.9471381367766298 0.9843342304229736 0.9843342304229736 
34 0.9458683502743952 0.9843342304229736 0.9843342304229736 
35 0.9321199814439751 0.9843342304229736 0.9843342304229736 
36 0.950865902879741 0.9843342304229736 0.9843342304229736 
37 0.9368523568846285 0.9843342304229736 0.9843342304229736 
38 0.9346340585034341 0.9843342304229736 0.9843342304229736 
39 0.9503610486863181 0.9843342304229736 0.9843342304229736 
40 0.9447770500410115 0.9843342304229736 0.9843342304229736 
41 0.9464089039247483 0.9843342304229736 0.9843342304229736 
42 0.9414827462751418 0.9843342304229736 0.9843342304229736 
43 0.9447056576027535 0.9843342304229736 0.9843342304229736 
44 0.9380507543683052 0.9843342304229736 0.9843342304229736 
45 0.9362353156320751 0.9869451522827148 0.9869451522827148 
46 0.9438387357804459 0.9869451522827148 0.9869451522827148 
47 0.9351083192595979 0.9869451522827148 0.9869451522827148 
48 0.9418856123229489 0.9869451522827148 0.9869451522827148 
49 0.9263779005559627 0.9869451522827148 0.9869451522827148 
50 0.9439152287086472 0.9869451522827148 0.9869451522827148 
0 0.42930503260868136 0.9268929362297058 0.9268929362297058 
1 0.5144776016677497 0.9268929362297058 0.9268929362297058 
2 0.5853357532760128 0.9321148991584778 0.9321148991584778 
3 0.6355458561156411 0.9321148991584778 0.9321148991584778 
4 0.6674332976690494 0.937336802482605 0.937336802482605 
5 0.6797384962119395 0.937336802482605 0.937336802482605 
6 0.7155066910490859 0.942558765411377 0.942558765411377 
7 0.7413868723087944 0.942558765411377 0.942558765411377 
8 0.7361241445396445 0.9477806687355042 0.9477806687355042 
9 0.7585213370621204 0.9556135535240173 0.9556135535240173 
10 0.7851358536572661 0.9556135535240173 0.9556135535240173 
11 0.8105621752038132 0.9660574197769165 0.9660574197769165 
12 0.8281301011156756 0.9660574197769165 0.9660574197769165 
13 0.8341832584919757 0.9660574197769165 0.9660574197769165 
14 0.8548364082816988 0.9660574197769165 0.9660574197769165 
15 0.8546018277411349 0.9660574197769165 0.9660574197769165 
16 0.8715578074916266 0.9660574197769165 0.9660574197769165 
17 0.8688652482524049 0.9686684012413025 0.9686684012413025 
18 0.8992177272011759 0.9686684012413025 0.9686684012413025 
19 0.8872083020396531 0.9686684012413025 0.9686684012413025 
20 0.8805737965594744 0.9686684012413025 0.9686684012413025 
21 0.8816956938826479 0.9686684012413025 0.9686684012413025 
22 0.8895234934752807 0.9765012860298157 0.9765012860298157 
23 0.8907575850025751 0.9765012860298157 0.9765012860298157 
24 0.897162611654494 0.9765012860298157 0.9765012860298157 
25 0.9060256198281422 0.9765012860298157 0.9765012860298157 
26 0.915536267333664 0.9765012860298157 0.9765012860298157 
27 0.9198096849722788 0.9765012860298157 0.9765012860298157 
28 0.9276935780071653 0.9765012860298157 0.9765012860298157 
29 0.9370665385504253 0.9765012860298157 0.9765012860298157 
30 0.9217526103020646 0.9791122674942017 0.9791122674942017 
31 0.9255823661806062 0.9791122674942017 0.9791122674942017 
32 0.9264186902728397 0.9791122674942017 0.9791122674942017 
33 0.9285451987525448 0.9791122674942017 0.9791122674942017 
34 0.9319465954904445 0.9791122674942017 0.9791122674942017 
35 0.9419722965685651 0.9791122674942017 0.9791122674942017 
36 0.9480560524389148 0.9791122674942017 0.9791122674942017 
37 0.9376172872725874 0.9791122674942017 0.9791122674942017 
38 0.9475409945007414 0.9791122674942017 0.9791122674942017 
39 0.9454501817235723 0.9817232489585876 0.9817232489585876 
40 0.9478724653599784 0.9817232489585876 0.9817232489585876 
41 0.9505293277325109 0.9817232489585876 0.9817232489585876 
42 0.9563377070007846 0.9817232489585876 0.9817232489585876 
43 0.9573729166295379 0.9817232489585876 0.9817232489585876 
44 0.9575310021755286 0.9817232489585876 0.9817232489585876 
45 0.957342321111355 0.9817232489585876 0.9817232489585876 
46 0.9578675755765289 0.9817232489585876 0.9817232489585876 
47 0.9632475942489691 0.9817232489585876 0.9817232489585876 
48 0.961529049440287 0.9817232489585876 0.9817232489585876 
49 0.9646652684314176 0.9817232489585876 0.9817232489585876 
50 0.9673578271176666 0.9817232489585876 0.9817232489585876 
