0 0.4163215963926632 0.8929504156112671 0.8929504156112671 
1 0.49791428628668655 0.9190600514411926 0.9190600514411926 
2 0.5720310455217259 0.9190600514411926 0.9190600514411926 
3 0.6077737433952279 0.9190600514411926 0.9190600514411926 
4 0.6351123931526672 0.9190600514411926 0.9190600514411926 
5 0.6781984330445994 0.9268929362297058 0.9268929362297058 
6 0.6803861368680373 0.934725821018219 0.934725821018219 
7 0.7057410653214902 0.9503916501998901 0.9503916501998901 
8 0.7126407485338859 0.9503916501998901 0.9503916501998901 
9 0.7267562835186254 0.9503916501998901 0.9503916501998901 
10 0.7502039811006398 0.9556135535240173 0.9556135535240173 
11 0.7784299526028917 0.9556135535240173 0.9556135535240173 
12 0.798858721536817 0.9556135535240173 0.9556135535240173 
13 0.8029740517231403 0.9556135535240173 0.9556135535240173 
14 0.8229132660198957 0.9608355164527893 0.9608355164527893 
15 0.8412818195938598 0.9686684012413025 0.9686684012413025 
16 0.8248102954385104 0.9686684012413025 0.9686684012413025 
17 0.8356723237666301 0.9686684012413025 0.9686684012413025 
18 0.8684113903145771 0.9686684012413025 0.9686684012413025 
19 0.8910533604794182 0.9712793827056885 0.9712793827056885 
20 0.8761218968575122 0.9712793827056885 0.9712793827056885 
21 0.8814101211755769 0.9712793827056885 0.9712793827056885 
22 0.9001917403074913 0.9738903641700745 0.9738903641700745 
23 0.9041387867182493 0.9738903641700745 0.9738903641700745 
24 0.9026854156691115 0.9738903641700745 0.9738903641700745 
25 0.8981621197017375 0.9791122674942017 0.9791122674942017 
26 0.9000132535293233 0.9791122674942017 0.9791122674942017 
27 0.9063060903426958 0.9791122674942017 0.9791122674942017 
28 0.8954848616122035 0.9791122674942017 0.9791122674942017 
29 0.9123898483230732 0.9791122674942017 0.9791122674942017 
30 0.9129304013622459 0.9791122674942017 0.9791122674942017 
31 0.9185195014288183 0.9791122674942017 0.9791122674942017 
32 0.9250877127051353 0.9791122674942017 0.9791122674942017 
33 0.9206511092925211 0.9791122674942017 0.9791122674942017 
34 0.9271530247206101 0.9791122674942017 0.9791122674942017 
35 0.9359752333548386 0.9791122674942017 0.9791122674942017 
36 0.9388207792653702 0.9791122674942017 0.9791122674942017 
37 0.9304626282537356 0.9791122674942017 0.9791122674942017 
38 0.9236037416849285 0.9791122674942017 0.9791122674942017 
39 0.9310388757730834 0.9791122674942017 0.9791122674942017 
40 0.9407892018789425 0.9791122674942017 0.9791122674942017 
41 0.9266532673500478 0.9791122674942017 0.9791122674942017 
42 0.9327676204266027 0.9791122674942017 0.9791122674942017 
43 0.939947776554618 0.9791122674942017 0.9791122674942017 
44 0.9347207456012256 0.9791122674942017 0.9791122674942017 
45 0.9354193829349242 0.9791122674942017 0.9791122674942017 
46 0.9402435493539087 0.9791122674942017 0.9791122674942017 
47 0.9432420812663622 0.9817232489585876 0.9817232489585876 
48 0.9460264318622649 0.9817232489585876 0.9817232489585876 
49 0.9402333522448316 0.9817232489585876 0.9817232489585876 
50 0.9361435177925159 0.9817232489585876 0.9817232489585876 
