0 0.40669365832582116 0.8903394341468811 0.8903394341468811 
1 0.5031515166774625 0.8929504156112671 0.8929504156112671 
2 0.5735762068798067 0.8929504156112671 0.8929504156112671 
3 0.6324147362465737 0.9190600514411926 0.9190600514411926 
4 0.6639146133820759 0.9190600514411926 0.9190600514411926 
5 0.6886524976434885 0.937336802482605 0.937336802482605 
6 0.6864239958522376 0.937336802482605 0.937336802482605 
7 0.7301933744456619 0.937336802482605 0.937336802482605 
8 0.7615402650408214 0.937336802482605 0.937336802482605 
9 0.7661145553574897 0.9530026316642761 0.9530026316642761 
10 0.7908626372445724 0.9556135535240173 0.9556135535240173 
11 0.8142644408362685 0.9556135535240173 0.9556135535240173 
12 0.828191293447162 0.9556135535240173 0.9556135535240173 
13 0.8385535647830693 0.9582245349884033 0.9582245349884033 
14 0.855790019777487 0.9634464979171753 0.9634464979171753 
15 0.8672843897365965 0.9712793827056885 0.9712793827056885 
16 0.8700228440720821 0.9712793827056885 0.9712793827056885 
17 0.867590361929615 0.9712793827056885 0.9712793827056885 
18 0.8805890964868013 0.9712793827056885 0.9712793827056885 
19 0.8837202158465516 0.9712793827056885 0.9712793827056885 
20 0.8896968808257952 0.9712793827056885 0.9712793827056885 
21 0.8915939110374893 0.9712793827056885 0.9712793827056885 
22 0.8799363546131644 0.9712793827056885 0.9712793827056885 
23 0.8788246538460953 0.9712793827056885 0.9712793827056885 
24 0.8925220284145325 0.9712793827056885 0.9712793827056885 
25 0.898906656075269 0.9738903641700745 0.9738903641700745 
26 0.9070557265367825 0.9738903641700745 0.9738903641700745 
27 0.8984069023863412 0.9738903641700745 0.9738903641700745 
28 0.9021091701288242 0.9738903641700745 0.9738903641700745 
29 0.9001203497755341 0.9765012860298157 0.9765012860298157 
30 0.9094474151497707 0.9765012860298157 0.9765012860298157 
31 0.9090343530697282 0.9765012860298157 0.9765012860298157 
32 0.9051281017891597 0.9765012860298157 0.9765012860298157 
33 0.9067446573753841 0.9765012860298157 0.9765012860298157 
34 0.9099012735823635 0.9765012860298157 0.9765012860298157 
35 0.8963262912584469 0.9765012860298157 0.9765012860298157 
36 0.9110282741021365 0.9765012860298157 0.9765012860298157 
37 0.9201615544152446 0.9765012860298157 0.9765012860298157 
38 0.9181778316924465 0.9765012860298157 0.9765012860298157 
39 0.9173925038485322 0.9765012860298157 0.9765012860298157 
40 0.9310949764767429 0.9765012860298157 0.9765012860298157 
41 0.925587470352184 0.9765012860298157 0.9765012860298157 
42 0.9199320770567283 0.9765012860298157 0.9765012860298157 
43 0.924190194637049 0.9765012860298157 0.9765012860298157 
44 0.9288817738124635 0.9765012860298157 0.9765012860298157 
45 0.9259495375736151 0.9765012860298157 0.9765012860298157 
46 0.9269643452134915 0.9765012860298157 0.9765012860298157 
47 0.928784880816238 0.9765012860298157 0.9765012860298157 
48 0.9266736695717555 0.9765012860298157 0.9765012860298157 
49 0.93162532459246 0.9765012860298157 0.9765012860298157 
50 0.9463936018291861 0.9765012860298157 0.9765012860298157 
