0 0.4195751045481302 0.8851174712181091 0.8851174712181091 
1 0.4991738725802861 0.9190600514411926 0.9190600514411926 
2 0.5558348965423647 0.9190600514411926 0.9190600514411926 
3 0.5866412368050078 0.9216710329055786 0.9216710329055786 
4 0.6308338767848909 0.9295039176940918 0.9295039176940918 
5 0.6620532779052155 0.9295039176940918 0.9295039176940918 
6 0.6842464899091283 0.937336802482605 0.937336802482605 
7 0.7016257324139588 0.937336802482605 0.937336802482605 
8 0.7280056714953389 0.9477806687355042 0.9477806687355042 
9 0.7503722660621861 0.9477806687355042 0.9477806687355042 
10 0.7560582549122046 0.9530026316642761 0.9530026316642761 
11 0.790434274909785 0.9530026316642761 0.9530026316642761 
12 0.8129181599215372 0.9660574197769165 0.9660574197769165 
13 0.8147437956504291 0.9660574197769165 0.9660574197769165 
14 0.8300934203143697 0.9660574197769165 0.9660574197769165 
15 0.8419243606040254 0.9660574197769165 0.9660574197769165 
16 0.848497670769575 0.9686684012413025 0.9686684012413025 
17 0.8472176849027164 0.9686684012413025 0.9686684012413025 
18 0.887621365240193 0.9686684012413025 0.9686684012413025 
19 0.8802423265879042 0.9712793827056885 0.9712793827056885 
20 0.8871573073411128 0.9712793827056885 0.9712793827056885 
21 0.8831388689868618 0.9712793827056885 0.9712793827056885 
22 0.9057808414072497 0.9738903641700745 0.9738903641700745 
23 0.8858365296473494 0.9765012860298157 0.9765012860298157 
24 0.9015074253402418 0.9765012860298157 0.9765012860298157 
25 0.9130221927771345 0.9765012860298157 0.9765012860298157 
26 0.9225940360629465 0.9765012860298157 0.9765012860298157 
27 0.9189325659099268 0.9791122674942017 0.9791122674942017 
28 0.933450965450902 0.9817232489585876 0.9817232489585876 
29 0.9243584792202455 0.9817232489585876 0.9817232489585876 
30 0.9271071334951557 0.9817232489585876 0.9817232489585876 
31 0.92900416161865 0.9817232489585876 0.9817232489585876 
32 0.9354346833424643 0.9817232489585876 0.9817232489585876 
33 0.9388921723439125 0.9817232489585876 0.9817232489585876 
34 0.95305360344355 0.9817232489585876 0.9817232489585876 
35 0.947444105608156 0.9817232489585876 0.9817232489585876 
36 0.9486985940166051 0.9817232489585876 0.9817232489585876 
37 0.9442313954932615 0.9817232489585876 0.9817232489585876 
38 0.9545936670474475 0.9817232489585876 0.9817232489585876 
39 0.9473421177244745 0.9817232489585876 0.9817232489585876 
40 0.9524059637042228 0.9817232489585876 0.9817232489585876 
41 0.9563734096009284 0.9817232489585876 0.9817232489585876 
42 0.939748900331324 0.9817232489585876 0.9817232489585876 
43 0.9417173246038146 0.9817232489585876 0.9817232489585876 
44 0.9464140041382052 0.9843342304229736 0.9843342304229736 
45 0.9453736974392086 0.9843342304229736 0.9843342304229736 
46 0.9442670975404326 0.9843342304229736 0.9843342304229736 
47 0.9418193175806664 0.9843342304229736 0.9843342304229736 
48 0.9457102689630119 0.9843342304229736 0.9843342304229736 
49 0.9553943010396324 0.9843342304229736 0.9843342304229736 
50 0.9472299331100658 0.9843342304229736 0.9843342304229736 
