0 0.4063978853082517 0.9112271666526794 0.9112271666526794 
1 0.48890339306672104 0.9268929362297058 0.9268929362297058 
2 0.5542693364986917 0.9268929362297058 0.9268929362297058 
3 0.6025518116075546 0.9268929362297058 0.9268929362297058 
4 0.6222003511938965 0.9321148991584778 0.9321148991584778 
5 0.659136340560508 0.9321148991584778 0.9321148991584778 
6 0.6948178448219551 0.9321148991584778 0.9321148991584778 
7 0.7170161558751715 0.937336802482605 0.937336802482605 
8 0.7429881291318452 0.939947783946991 0.939947783946991 
9 0.7606733435823116 0.9451696872711182 0.9451696872711182 
10 0.7961151684139622 0.9503916501998901 0.9503916501998901 
11 0.8080735946423374 0.9556135535240173 0.9556135535240173 
12 0.8332143423031084 0.9556135535240173 0.9556135535240173 
13 0.8498031553608598 0.9556135535240173 0.9556135535240173 
14 0.8692936068400741 0.9556135535240173 0.9556135535240173 
15 0.8679371291655116 0.9660574197769165 0.9660574197769165 
16 0.8738576986070257 0.9660574197769165 0.9660574197769165 
17 0.8806196912846644 0.9660574197769165 0.9660574197769165 
18 0.8901252376381308 0.9686684012413025 0.9686684012413025 
19 0.9021244592149742 0.9686684012413025 0.9686684012413025 
20 0.906780339719262 0.9738903641700745 0.9738903641700745 
21 0.9070761123803095 0.9738903641700745 0.9738903641700745 
22 0.9040418868680717 0.9738903641700745 0.9738903641700745 
23 0.9002835269202478 0.9738903641700745 0.9738903641700745 
24 0.9018388903059531 0.9738903641700745 0.9738903641700745 
25 0.8990749396325555 0.9738903641700745 0.9738903641700745 
26 0.902032677520765 0.9738903641700745 0.9738903641700745 
27 0.9101052549231099 0.9765012860298157 0.9765012860298157 
28 0.91241024795454 0.9765012860298157 0.9765012860298157 
29 0.9109517797332956 0.9765012860298157 0.9765012860298157 
30 0.9191773420607205 0.9765012860298157 0.9765012860298157 
31 0.9254242811875883 0.9765012860298157 0.9765012860298157 
32 0.931049073144095 0.9765012860298157 0.9765012860298157 
33 0.9353428866052127 0.9765012860298157 0.9765012860298157 
34 0.945057513366919 0.9765012860298157 0.9765012860298157 
35 0.9498000854218844 0.9791122674942017 0.9791122674942017 
36 0.9446342479204759 0.9791122674942017 0.9791122674942017 
37 0.9472197164723184 0.9791122674942017 0.9791122674942017 
38 0.9433542636834318 0.9791122674942017 0.9791122674942017 
39 0.9396774939086754 0.9817232489585876 0.9817232489585876 
40 0.9529771020752378 0.9817232489585876 0.9817232489585876 
41 0.9485150026448537 0.9817232489585876 0.9817232489585876 
42 0.9484691084071528 0.9817232489585876 0.9817232489585876 
43 0.9516818225383759 0.9817232489585876 0.9817232489585876 
44 0.9537522401260503 0.9817232489585876 0.9817232489585876 
45 0.9522121812333353 0.9817232489585876 0.9817232489585876 
46 0.9558379583177157 0.9817232489585876 0.9817232489585876 
47 0.9558124613831751 0.9843342304229736 0.9843342304229736 
48 0.9488974818668794 0.9843342304229736 0.9843342304229736 
49 0.9515543438028544 0.9843342304229736 0.9843342304229736 
50 0.9538287400500849 0.9843342304229736 0.9843342304229736 
