0 0.424853131728014 0.9060052037239075 0.9060052037239075 
1 0.5114535733446246 0.9060052037239075 0.9060052037239075 
2 0.5806951700651553 0.9112271666526794 0.9112271666526794 
3 0.6233936442440609 0.9321148991584778 0.9321148991584778 
4 0.6551739978895057 0.934725821018219 0.934725821018219 
5 0.6774742990382947 0.934725821018219 0.934725821018219 
6 0.7243900939502055 0.934725821018219 0.934725821018219 
7 0.7532484068215126 0.9477806687355042 0.9477806687355042 
8 0.7815457702818094 0.9477806687355042 0.9477806687355042 
9 0.8102663965692045 0.9503916501998901 0.9503916501998901 
10 0.825274353090208 0.9660574197769165 0.9660574197769165 
11 0.8269113074347842 0.9660574197769165 0.9660574197769165 
12 0.8287471435178304 0.9660574197769165 0.9660574197769165 
13 0.8330664556124248 0.9660574197769165 0.9660574197769165 
14 0.8635413238662295 0.9686684012413025 0.9686684012413025 
15 0.8516338895133231 0.9686684012413025 0.9686684012413025 
16 0.8566977347218199 0.9686684012413025 0.9686684012413025 
17 0.8750203910312848 0.9712793827056885 0.9712793827056885 
18 0.9006761903874576 0.9712793827056885 0.9712793827056885 
19 0.9161686021252535 0.9712793827056885 0.9712793827056885 
20 0.9288919623359106 0.9712793827056885 0.9712793827056885 
21 0.9302178466459736 0.9712793827056885 0.9712793827056885 
22 0.9317936094594188 0.9712793827056885 0.9712793827056885 
23 0.9247511432331521 0.9712793827056885 0.9712793827056885 
24 0.9229357080766931 0.9765012860298157 0.9765012860298157 
25 0.9264135973062366 0.9765012860298157 0.9765012860298157 
26 0.9204216345679015 0.9765012860298157 0.9765012860298157 
27 0.9258016532403417 0.9765012860298157 0.9765012860298157 
28 0.9257557568926131 0.9765012860298157 0.9765012860298157 
29 0.91425628651632 0.9765012860298157 0.9765012860298157 
30 0.9196108035393991 0.9791122674942017 0.9791122674942017 
31 0.9249857191753108 0.9791122674942017 0.9791122674942017 
32 0.9407637008407619 0.9791122674942017 0.9791122674942017 
33 0.9269541371322703 0.9791122674942017 0.9791122674942017 
34 0.9269184395379853 0.9791122674942017 0.9791122674942017 
35 0.9273009048774838 0.9791122674942017 0.9791122674942017 
36 0.9375713861372788 0.9817232489585876 0.9817232489585876 
37 0.9336498383781873 0.9817232489585876 0.9817232489585876 
38 0.9195955004979623 0.9817232489585876 0.9817232489585876 
39 0.937703979347134 0.9843342304229736 0.9843342304229736 
40 0.9360058324236888 0.9843342304229736 0.9843342304229736 
41 0.937724381510634 0.9843342304229736 0.9843342304229736 
42 0.9478418757789768 0.9843342304229736 0.9843342304229736 
43 0.9419417057652026 0.9843342304229736 0.9843342304229736 
44 0.9329767122399062 0.9843342304229736 0.9843342304229736 
45 0.9371787364361808 0.9843342304229736 0.9843342304229736 
46 0.9455011908721644 0.9843342304229736 0.9843342304229736 
47 0.9411002863780595 0.9843342304229736 0.9843342304229736 
48 0.9467097842571093 0.9843342304229736 0.9843342304229736 
49 0.9401976669614669 0.9843342304229736 0.9843342304229736 
50 0.9436755548231304 0.9843342304229736 0.9843342304229736 
