0 0.4178514593077125 0.8328981995582581 0.8328981995582581 
1 0.5223359988158336 0.8929504156112671 0.8929504156112671 
2 0.5713936039246619 0.9190600514411926 0.9190600514411926 
3 0.6109507596556796 0.9190600514411926 0.9190600514411926 
4 0.6389829481340712 0.9190600514411926 0.9190600514411926 
5 0.6903200500382809 0.9268929362297058 0.9268929362297058 
6 0.6984844185499242 0.9268929362297058 0.9268929362297058 
7 0.7265013073338196 0.9268929362297058 0.9268929362297058 
8 0.7178626809327397 0.9503916501998901 0.9503916501998901 
9 0.7567364980204729 0.9503916501998901 0.9503916501998901 
10 0.7836569873761619 0.9503916501998901 0.9503916501998901 
11 0.8057992038666271 0.9503916501998901 0.9503916501998901 
12 0.8433522406849079 0.9503916501998901 0.9503916501998901 
13 0.8391349178273231 0.9556135535240173 0.9556135535240173 
14 0.8383750828070333 0.9582245349884033 0.9582245349884033 
15 0.849599176493939 0.9634464979171753 0.9634464979171753 
16 0.8394867806200637 0.9634464979171753 0.9634464979171753 
17 0.8522305382357445 0.9634464979171753 0.9634464979171753 
18 0.8722819414688274 0.9634464979171753 0.9634464979171753 
19 0.8835774299077457 0.9634464979171753 0.9634464979171753 
20 0.8912063478273922 0.9660574197769165 0.9660574197769165 
21 0.8890084465092514 0.9791122674942017 0.9791122674942017 
22 0.8830674795390223 0.9791122674942017 0.9791122674942017 
23 0.8755354554159567 0.9791122674942017 0.9791122674942017 
24 0.9035115478909574 0.9791122674942017 0.9791122674942017 
25 0.8863362852716818 0.9791122674942017 0.9791122674942017 
26 0.8873714923756779 0.9817232489585876 0.9817232489585876 
27 0.8954746662057005 0.9817232489585876 0.9817232489585876 
28 0.8907575884368271 0.9817232489585876 0.9817232489585876 
29 0.90655087295454 0.9817232489585876 0.9817232489585876 
30 0.9079991420221631 0.9817232489585876 0.9817232489585876 
31 0.9296569022699259 0.9817232489585876 0.9817232489585876 
32 0.9310592770925723 0.9843342304229736 0.9843342304229736 
33 0.9157045549072791 0.9843342304229736 0.9843342304229736 
34 0.929916983761359 0.9843342304229736 0.9843342304229736 
35 0.9355417806073092 0.9843342304229736 0.9843342304229736 
36 0.9251591122010723 0.9843342304229736 0.9843342304229736 
37 0.9303096508374438 0.9843342304229736 0.9843342304229736 
38 0.9333999757072888 0.9843342304229736 0.9843342304229736 
39 0.9348788428469561 0.9843342304229736 0.9843342304229736 
40 0.9302331612852868 0.9843342304229736 0.9843342304229736 
41 0.9370614499202929 0.9843342304229736 0.9843342304229736 
42 0.9402129686786793 0.9843342304229736 0.9843342304229736 
43 0.941314471536316 0.9843342304229736 0.9843342304229736 
44 0.9327319404401351 0.9843342304229736 0.9843342304229736 
45 0.9357406707422342 0.9843342304229736 0.9843342304229736 
46 0.9323239768273197 0.9843342304229736 0.9843342304229736 
47 0.9337773466686485 0.9843342304229736 0.9843342304229736 
48 0.945781671529403 0.9843342304229736 0.9843342304229736 
49 0.9466995896946173 0.9843342304229736 0.9843342304229736 
50 0.9444404948444571 0.9843342304229736 0.9843342304229736 
