0 0.40493431653885636 0.8511749505996704 0.8511749505996704 
1 0.500168283469975 0.9112271666526794 0.9112271666526794 
2 0.5585682515084045 0.9112271666526794 0.9112271666526794 
3 0.5996144752862165 0.9164490699768066 0.9164490699768066 
4 0.6543886691943044 0.9268929362297058 0.9268929362297058 
5 0.6823953585408162 0.9477806687355042 0.9477806687355042 
6 0.7119574088574154 0.9477806687355042 0.9477806687355042 
7 0.7460019599529915 0.9503916501998901 0.9503916501998901 
8 0.7711682037479477 0.9556135535240173 0.9556135535240173 
9 0.7967577102826908 0.9556135535240173 0.9556135535240173 
10 0.8151466630661162 0.9608355164527893 0.9608355164527893 
11 0.8363046664162539 0.9608355164527893 0.9608355164527893 
12 0.845800015173154 0.9608355164527893 0.9608355164527893 
13 0.8599818442598917 0.9634464979171753 0.9634464979171753 
14 0.8737557082786225 0.9686684012413025 0.9686684012413025 
15 0.8997225816710852 0.9686684012413025 0.9686684012413025 
16 0.897198308215593 0.9686684012413025 0.9686684012413025 
17 0.9095137051335769 0.9686684012413025 0.9686684012413025 
18 0.9236547392501961 0.9712793827056885 0.9712793827056885 
19 0.9113342462806031 0.9712793827056885 0.9712793827056885 
20 0.9189886619569734 0.9712793827056885 0.9712793827056885 
21 0.9204471306002233 0.9712793827056885 0.9712793827056885 
22 0.9232620787806809 0.9738903641700745 0.9738903641700745 
23 0.9264288935519289 0.9738903641700745 0.9738903641700745 
24 0.9082286245538853 0.9738903641700745 0.9738903641700745 
25 0.9187540801067371 0.9738903641700745 0.9738903641700745 
26 0.9151487048075069 0.9765012860298157 0.9765012860298157 
27 0.9222064726345707 0.9765012860298157 0.9765012860298157 
28 0.9161482148629148 0.9791122674942017 0.9791122674942017 
29 0.9198810823145323 0.9791122674942017 0.9791122674942017 
30 0.9242207944625989 0.9791122674942017 0.9791122674942017 
31 0.9127672213653568 0.9791122674942017 0.9791122674942017 
32 0.9253630909952335 0.9791122674942017 0.9791122674942017 
33 0.9124969449912896 0.9791122674942017 0.9791122674942017 
34 0.9228796137613244 0.9843342304229736 0.9843342304229736 
35 0.9174180020636413 0.9843342304229736 0.9843342304229736 
36 0.9279383587418124 0.9843342304229736 0.9843342304229736 
37 0.9262810067739338 0.9843342304229736 0.9843342304229736 
38 0.9252610960393213 0.9843342304229736 0.9843342304229736 
39 0.9199983665894251 0.9843342304229736 0.9843342304229736 
40 0.9311561665963382 0.9869451522827148 0.9869451522827148 
41 0.9240780014079064 0.9869451522827148 0.9869451522827148 
42 0.9325483422726393 0.9869451522827148 0.9869451522827148 
43 0.9315233351371717 0.9869451522827148 0.9869451522827148 
44 0.9324820498586632 0.9869451522827148 0.9869451522827148 
45 0.933445864560781 0.9895561337471008 0.9895561337471008 
46 0.9353938900167122 0.9895561337471008 0.9895561337471008 
47 0.9422833736171015 0.9895561337471008 0.9895561337471008 
48 0.9354499854962341 0.9895561337471008 0.9895561337471008 
49 0.9393460372230038 0.9895561337471008 0.9895561337471008 
50 0.9372603234951384 0.9895561337471008 0.9895561337471008 
