0 0.4048782217869302 0.9138381481170654 0.9138381481170654 
1 0.47764360380824655 0.9268929362297058 0.9268929362297058 
2 0.5446719983738149 0.9268929362297058 0.9268929362297058 
3 0.5769317083468195 0.9268929362297058 0.9268929362297058 
4 0.6309511690633371 0.9268929362297058 0.9268929362297058 
5 0.6491820338123944 0.9268929362297058 0.9268929362297058 
6 0.6642715819616569 0.9295039176940918 0.9295039176940918 
7 0.6904985313449288 0.937336802482605 0.937336802482605 
8 0.7244308907538652 0.939947783946991 0.939947783946991 
9 0.755099541391246 0.942558765411377 0.942558765411377 
10 0.7830603338079527 0.9503916501998901 0.9503916501998901 
11 0.790699447010411 0.9582245349884033 0.9582245349884033 
12 0.8098125345713925 0.9582245349884033 0.9582245349884033 
13 0.8449840827233857 0.9582245349884033 0.9582245349884033 
14 0.8360292853903957 0.9582245349884033 0.9582245349884033 
15 0.8480234108719742 0.9608355164527893 0.9608355164527893 
16 0.8540510712045943 0.9660574197769165 0.9660574197769165 
17 0.864851904931129 0.9660574197769165 0.9660574197769165 
18 0.8700381435046438 0.9686684012413025 0.9686684012413025 
19 0.8845871407247614 0.9738903641700745 0.9738903641700745 
20 0.891277741495287 0.9738903641700745 0.9738903641700745 
21 0.9054187731671846 0.9738903641700745 0.9738903641700745 
22 0.9125173337670276 0.9738903641700745 0.9738903641700745 
23 0.8893552101508249 0.9738903641700745 0.9738903641700745 
24 0.8959081234061159 0.9738903641700745 0.9738903641700745 
25 0.9032718644302804 0.9738903641700745 0.9738903641700745 
26 0.8979887421228341 0.9738903641700745 0.9738903641700745 
27 0.9228541184565984 0.9738903641700745 0.9738903641700745 
28 0.9061174203525297 0.9738903641700745 0.9738903641700745 
29 0.9092638420115691 0.9738903641700745 0.9738903641700745 
30 0.9254548937024083 0.9738903641700745 0.9738903641700745 
31 0.9169794527842896 0.9738903641700745 0.9738903641700745 
32 0.9217781242041383 0.9738903641700745 0.9738903641700745 
33 0.9277904854097869 0.9738903641700745 0.9738903641700745 
34 0.9216047404624987 0.9738903641700745 0.9738903641700745 
35 0.9232620924012735 0.9738903641700745 0.9738903641700745 
36 0.9299271946947556 0.9738903641700745 0.9738903641700745 
37 0.9354755001259036 0.9765012860298157 0.9765012860298157 
38 0.9227776367042679 0.9765012860298157 0.9765012860298157 
39 0.9263320172030944 0.9765012860298157 0.9765012860298157 
40 0.9240729200973874 0.9765012860298157 0.9765012860298157 
41 0.9218036214733729 0.9765012860298157 0.9765012860298157 
42 0.929779306112323 0.9765012860298157 0.9765012860298157 
43 0.9247358563006856 0.9765012860298157 0.9765012860298157 
44 0.922517553291982 0.9765012860298157 0.9765012860298157 
45 0.9422017885954119 0.9765012860298157 0.9765012860298157 
46 0.9291418549255468 0.9765012860298157 0.9765012860298157 
47 0.9168060551746748 0.9765012860298157 0.9765012860298157 
48 0.9224104484601412 0.9765012860298157 0.9765012860298157 
49 0.9284687030594796 0.9765012860298157 0.9765012860298157 
50 0.9357151515578153 0.9765012860298157 0.9765012860298157 
