0 0.39826411366811953 0.9060052037239075 0.9060052037239075 
1 0.4916316483722767 0.9112271666526794 0.9112271666526794 
2 0.557833917089738 0.9112271666526794 0.9112271666526794 
3 0.5891706102411263 0.9216710329055786 0.9216710329055786 
4 0.6259791121556191 0.934725821018219 0.934725821018219 
5 0.636943129284191 0.937336802482605 0.937336802482605 
6 0.6846544539439492 0.937336802482605 0.937336802482605 
7 0.6931604931305628 0.937336802482605 0.937336802482605 
8 0.719627120270161 0.939947783946991 0.939947783946991 
9 0.7532586084853392 0.9686684012413025 0.9686684012413025 
10 0.7607090398087166 0.9686684012413025 0.9686684012413025 
11 0.7457826768586528 0.9686684012413025 0.9686684012413025 
12 0.7706276508688461 0.9686684012413025 0.9686684012413025 
13 0.7873082543083001 0.9686684012413025 0.9686684012413025 
14 0.8006843561306596 0.9712793827056885 0.9712793827056885 
15 0.8333316329444642 0.9712793827056885 0.9712793827056885 
16 0.84295956933056 0.9712793827056885 0.9712793827056885 
17 0.865433255181415 0.9712793827056885 0.9712793827056885 
18 0.8775854670820991 0.9712793827056885 0.9712793827056885 
19 0.8875907690598979 0.9765012860298157 0.9765012860298157 
20 0.8929452899501484 0.9765012860298157 0.9765012860298157 
21 0.9071220194164198 0.9765012860298157 0.9765012860298157 
22 0.9085243944209651 0.9765012860298157 0.9765012860298157 
23 0.9000642538594548 0.9765012860298157 0.9765012860298157 
24 0.9012320505280513 0.9765012860298157 0.9765012860298157 
25 0.8979173487241496 0.9765012860298157 0.9765012860298157 
26 0.9022723598063749 0.9765012860298157 0.9765012860298157 
27 0.9159901302627986 0.9765012860298157 0.9765012860298157 
28 0.9187795796315186 0.9765012860298157 0.9765012860298157 
29 0.921839305665344 0.9791122674942017 0.9791122674942017 
30 0.9140675998132792 0.9791122674942017 0.9791122674942017 
31 0.919977969257161 0.9791122674942017 0.9791122674942017 
32 0.9247205438441597 0.9791122674942017 0.9791122674942017 
33 0.9302841440512566 0.9791122674942017 0.9791122674942017 
34 0.9360721253979136 0.9817232489585876 0.9817232489585876 
35 0.9401364606746938 0.9817232489585876 0.9817232489585876 
36 0.9433032755623572 0.9817232489585876 0.9817232489585876 
37 0.9416153283091262 0.9817232489585876 0.9817232489585876 
38 0.9450422221561894 0.9817232489585876 0.9817232489585876 
39 0.9461641215602867 0.9817232489585876 0.9817232489585876 
40 0.9603051547892392 0.9817232489585876 0.9817232489585876 
41 0.9554911861778237 0.9817232489585876 0.9817232489585876 
42 0.9578369783703238 0.9817232489585876 0.9817232489585876 
43 0.9547721532871947 0.9817232489585876 0.9817232489585876 
44 0.9572709292988293 0.9817232489585876 0.9817232489585876 
45 0.9602490645484067 0.9817232489585876 0.9817232489585876 
46 0.9591424627578817 0.9817232489585876 0.9817232489585876 
47 0.9565977927704807 0.9817232489585876 0.9817232489585876 
48 0.9622888834564947 0.9817232489585876 0.9817232489585876 
49 0.9584438272868283 0.9817232489585876 0.9817232489585876 
50 0.9588823872618377 0.9817232489585876 0.9817232489585876 
