0 0.28771022974251537 0.7293198704719543 0.7293198704719543 
1 0.03308809993905015 0.7293198704719543 0.7293198704719543 
2 0.012083311099559069 0.7293198704719543 0.7293198704719543 
3 0.007040757453069091 0.7293198704719543 0.7293198704719543 
4 0.009844980668276548 0.7293198704719543 0.7293198704719543 
5 0.009875677176751196 0.7293198704719543 0.7293198704719543 
6 0.007078576018102467 0.7293198704719543 0.7293198704719543 
7 0.007078576018102467 0.7293198704719543 0.7293198704719543 
8 0.011330090463161469 0.7293198704719543 0.7293198704719543 
9 0.009916559676639736 0.7293198704719543 0.7293198704719543 
10 0.00708949810359627 0.7293198704719543 0.7293198704719543 
11 0.00708949810359627 0.7293198704719543 0.7293198704719543 
12 0.008503028890118003 0.7293198704719543 0.7293198704719543 
13 0.008503028890118003 0.7293198704719543 0.7293198704719543 
14 0.00708949810359627 0.7293198704719543 0.7293198704719543 
15 0.008513950975611806 0.7293198704719543 0.7293198704719543 
16 0.008524873061105609 0.7293198704719543 0.7293198704719543 
17 0.01137377880513668 0.7293198704719543 0.7293198704719543 
18 0.011395622976124287 0.7293198704719543 0.7293198704719543 
19 0.007122264360077679 0.7293198704719543 0.7293198704719543 
20 0.007122264360077679 0.7293198704719543 0.7293198704719543 
21 0.008546717232093215 0.7293198704719543 0.7293198704719543 
22 0.008546717232093215 0.7293198704719543 0.7293198704719543 
23 0.007122264360077679 0.7293198704719543 0.7293198704719543 
24 0.00997117010410875 0.7293198704719543 0.7293198704719543 
25 0.008546717232093215 0.7293198704719543 0.7293198704719543 
26 0.008546717232093215 0.7293198704719543 0.7293198704719543 
27 0.00997117010410875 0.7293198704719543 0.7293198704719543 
28 0.007122264360077679 0.7293198704719543 0.7293198704719543 
29 0.007122264360077679 0.7293198704719543 0.7293198704719543 
30 0.00997117010410875 0.7293198704719543 0.7293198704719543 
31 0.008546717232093215 0.7293198704719543 0.7293198704719543 
32 0.008546717232093215 0.7293198704719543 0.7293198704719543 
33 0.00997117010410875 0.7293198704719543 0.7293198704719543 
34 0.007122264360077679 0.7293198704719543 0.7293198704719543 
35 0.008546717232093215 0.7293198704719543 0.7293198704719543 
36 0.007122264360077679 0.7293198704719543 0.7293198704719543 
37 0.00997117010410875 0.7293198704719543 0.7293198704719543 
38 0.014244528720155358 0.7293198704719543 0.7293198704719543 
39 0.008546717232093215 0.7293198704719543 0.7293198704719543 
40 0.008546717232093215 0.7293198704719543 0.7293198704719543 
41 0.008546717232093215 0.7293198704719543 0.7293198704719543 
42 0.008546717232093215 0.7293198704719543 0.7293198704719543 
43 0.008546717232093215 0.7293198704719543 0.7293198704719543 
44 0.008546717232093215 0.7293198704719543 0.7293198704719543 
45 0.008546717232093215 0.7293198704719543 0.7293198704719543 
46 0.007122264360077679 0.7293198704719543 0.7293198704719543 
47 0.007122264360077679 0.7293198704719543 0.7293198704719543 
48 0.008546717232093215 0.7293198704719543 0.7293198704719543 
49 0.007122264360077679 0.7293198704719543 0.7293198704719543 
50 0.007122264360077679 0.7293198704719543 0.7293198704719543 
0 0.28771032991062384 0.8104802966117859 0.8104802966117859 
1 0.039202190964715555 0.8104802966117859 0.8104802966117859 
2 0.014057228312594816 0.8104802966117859 0.8104802966117859 
3 0.009109151433221996 0.8104802966117859 0.8104802966117859 
4 0.007771307369694114 0.8104802966117859 0.8104802966117859 
5 0.007771307369694114 0.8104802966117859 0.8104802966117859 
6 0.009296031785197556 0.8104802966117859 0.8104802966117859 
7 0.009354276699014008 0.8104802966117859 0.8104802966117859 
8 0.010995490942150354 0.8104802966117859 0.8104802966117859 
9 0.011013827985152602 0.8104802966117859 0.8104802966117859 
10 0.007914846646599472 0.8104802966117859 0.8104802966117859 
11 0.009497815975919366 0.8104802966117859 0.8104802966117859 
12 0.009497815975919366 0.8104802966117859 0.8104802966117859 
13 0.009497815975919366 0.8104802966117859 0.8104802966117859 
14 0.007914846646599472 0.8104802966117859 0.8104802966117859 
15 0.007914846646599472 0.8104802966117859 0.8104802966117859 
16 0.009497815975919366 0.8104802966117859 0.8104802966117859 
17 0.007914846646599472 0.8104802966117859 0.8104802966117859 
18 0.007914846646599472 0.8104802966117859 0.8104802966117859 
19 0.007914846646599472 0.8104802966117859 0.8104802966117859 
20 0.01108078530523926 0.8104802966117859 0.8104802966117859 
21 0.01108078530523926 0.8104802966117859 0.8104802966117859 
22 0.007914846646599472 0.8104802966117859 0.8104802966117859 
23 0.012663754634559155 0.8104802966117859 0.8104802966117859 
24 0.007914846646599472 0.8104802966117859 0.8104802966117859 
25 0.007914846646599472 0.8104802966117859 0.8104802966117859 
26 0.007914846646599472 0.8104802966117859 0.8104802966117859 
27 0.007914846646599472 0.8104802966117859 0.8104802966117859 
28 0.009497815975919366 0.8104802966117859 0.8104802966117859 
29 0.007914846646599472 0.8104802966117859 0.8104802966117859 
30 0.007914846646599472 0.8104802966117859 0.8104802966117859 
31 0.007914846646599472 0.8104802966117859 0.8104802966117859 
32 0.009497815975919366 0.8104802966117859 0.8104802966117859 
33 0.007914846646599472 0.8104802966117859 0.8104802966117859 
34 0.009497815975919366 0.8104802966117859 0.8104802966117859 
35 0.009497815975919366 0.8104802966117859 0.8104802966117859 
36 0.007914846646599472 0.8104802966117859 0.8104802966117859 
37 0.009497815975919366 0.8104802966117859 0.8104802966117859 
38 0.009497815975919366 0.8104802966117859 0.8104802966117859 
39 0.012663754634559155 0.8104802966117859 0.8104802966117859 
40 0.01108078530523926 0.8104802966117859 0.8104802966117859 
41 0.009497815975919366 0.8104802966117859 0.8104802966117859 
42 0.007914846646599472 0.8104802966117859 0.8104802966117859 
43 0.009497815975919366 0.8104802966117859 0.8104802966117859 
44 0.007914846646599472 0.8104802966117859 0.8104802966117859 
45 0.01108078530523926 0.8104802966117859 0.8104802966117859 
46 0.014246723963879049 0.8104802966117859 0.8104802966117859 
47 0.009497815975919366 0.8104802966117859 0.8104802966117859 
48 0.01108078530523926 0.8104802966117859 0.8104802966117859 
49 0.014246723963879049 0.8104802966117859 0.8104802966117859 
50 0.007914846646599472 0.8104802966117859 0.8104802966117859 
0 0.28771040341234766 0.7644811868667603 0.7644811868667603 
1 0.03303547852556221 0.7644811868667603 0.7644811868667603 
2 0.012674951693043113 0.7644811868667603 0.7644811868667603 
3 0.010061954730190337 0.7644811868667603 0.7644811868667603 
4 0.008899363921955228 0.7644811868667603 0.7644811868667603 
5 0.007433306775055826 0.7644811868667603 0.7644811868667603 
6 0.010417808196507394 0.7644811868667603 0.7644811868667603 
7 0.008951751049607992 0.7644811868667603 0.7644811868667603 
8 0.008953504264354706 0.7644811868667603 0.7644811868667603 
9 0.008953504264354706 0.7644811868667603 0.7644811868667603 
10 0.007462130161002278 0.7644811868667603 0.7644811868667603 
11 0.007462130161002278 0.7644811868667603 0.7644811868667603 
12 0.007462130161002278 0.7644811868667603 0.7644811868667603 
13 0.007462130161002278 0.7644811868667603 0.7644811868667603 
14 0.008953504264354706 0.7644811868667603 0.7644811868667603 
15 0.008953504264354706 0.7644811868667603 0.7644811868667603 
16 0.007462130161002278 0.7644811868667603 0.7644811868667603 
17 0.008953504264354706 0.7644811868667603 0.7644811868667603 
18 0.008953504264354706 0.7644811868667603 0.7644811868667603 
19 0.007462130161002278 0.7644811868667603 0.7644811868667603 
20 0.010444878367707133 0.7644811868667603 0.7644811868667603 
21 0.00895525747910142 0.7644811868667603 0.7644811868667603 
22 0.011943265330046415 0.7644811868667603 0.7644811868667603 
23 0.014929519966244698 0.7644811868667603 0.7644811868667603 
24 0.007465636590495706 0.7644811868667603 0.7644811868667603 
25 0.008958763908594847 0.7644811868667603 0.7644811868667603 
26 0.008958763908594847 0.7644811868667603 0.7644811868667603 
27 0.007465636590495706 0.7644811868667603 0.7644811868667603 
28 0.007465636590495706 0.7644811868667603 0.7644811868667603 
29 0.008958763908594847 0.7644811868667603 0.7644811868667603 
30 0.008958763908594847 0.7644811868667603 0.7644811868667603 
31 0.007465636590495706 0.7644811868667603 0.7644811868667603 
32 0.008958763908594847 0.7644811868667603 0.7644811868667603 
33 0.007465636590495706 0.7644811868667603 0.7644811868667603 
34 0.008958763908594847 0.7644811868667603 0.7644811868667603 
35 0.010451891226693988 0.7644811868667603 0.7644811868667603 
36 0.007465636590495706 0.7644811868667603 0.7644811868667603 
37 0.007465636590495706 0.7644811868667603 0.7644811868667603 
38 0.010451891226693988 0.7644811868667603 0.7644811868667603 
39 0.008958763908594847 0.7644811868667603 0.7644811868667603 
40 0.007465636590495706 0.7644811868667603 0.7644811868667603 
41 0.008958763908594847 0.7644811868667603 0.7644811868667603 
42 0.007465636590495706 0.7644811868667603 0.7644811868667603 
43 0.010451891226693988 0.7644811868667603 0.7644811868667603 
44 0.007465636590495706 0.7644811868667603 0.7644811868667603 
45 0.007465636590495706 0.7644811868667603 0.7644811868667603 
46 0.007465636590495706 0.7644811868667603 0.7644811868667603 
47 0.007465636590495706 0.7644811868667603 0.7644811868667603 
48 0.010451891226693988 0.7644811868667603 0.7644811868667603 
49 0.008958763908594847 0.7644811868667603 0.7644811868667603 
50 0.007465636590495706 0.7644811868667603 0.7644811868667603 
0 0.28771044765016995 0.8640736937522888 0.8640736937522888 
1 0.02493579057045281 0.8640736937522888 0.8640736937522888 
2 0.01018650468904525 0.8640736937522888 0.8640736937522888 
3 0.009901865385472775 0.8640736937522888 0.8640736937522888 
4 0.011589509318582714 0.8640736937522888 0.8640736937522888 
5 0.010027938056737185 0.8640736937522888 0.8640736937522888 
6 0.008369332295842469 0.8640736937522888 0.8640736937522888 
7 0.010056976228952408 0.8640736937522888 0.8640736937522888 
8 0.010063631110824645 0.8640736937522888 0.8640736937522888 
9 0.013443836360238492 0.8640736937522888 0.8640736937522888 
10 0.010125863598659635 0.8640736937522888 0.8640736937522888 
11 0.008438219665549695 0.8640736937522888 0.8640736937522888 
12 0.011813507531769574 0.8640736937522888 0.8640736937522888 
13 0.010125863598659635 0.8640736937522888 0.8640736937522888 
14 0.010125863598659635 0.8640736937522888 0.8640736937522888 
15 0.010125863598659635 0.8640736937522888 0.8640736937522888 
16 0.008438219665549695 0.8640736937522888 0.8640736937522888 
17 0.011813507531769574 0.8640736937522888 0.8640736937522888 
18 0.011813507531769574 0.8640736937522888 0.8640736937522888 
19 0.008438219665549695 0.8640736937522888 0.8640736937522888 
20 0.008438219665549695 0.8640736937522888 0.8640736937522888 
21 0.008438219665549695 0.8640736937522888 0.8640736937522888 
22 0.010125863598659635 0.8640736937522888 0.8640736937522888 
23 0.010125863598659635 0.8640736937522888 0.8640736937522888 
24 0.008438219665549695 0.8640736937522888 0.8640736937522888 
25 0.013501151464879513 0.8640736937522888 0.8640736937522888 
26 0.011813507531769574 0.8640736937522888 0.8640736937522888 
27 0.008438219665549695 0.8640736937522888 0.8640736937522888 
28 0.015188795397989452 0.8640736937522888 0.8640736937522888 
29 0.010125863598659635 0.8640736937522888 0.8640736937522888 
30 0.010125863598659635 0.8640736937522888 0.8640736937522888 
31 0.008438219665549695 0.8640736937522888 0.8640736937522888 
32 0.010125863598659635 0.8640736937522888 0.8640736937522888 
33 0.010125863598659635 0.8640736937522888 0.8640736937522888 
34 0.010125863598659635 0.8640736937522888 0.8640736937522888 
35 0.008438219665549695 0.8640736937522888 0.8640736937522888 
36 0.010125863598659635 0.8640736937522888 0.8640736937522888 
37 0.008438219665549695 0.8640736937522888 0.8640736937522888 
38 0.008438219665549695 0.8640736937522888 0.8640736937522888 
39 0.008438219665549695 0.8640736937522888 0.8640736937522888 
40 0.008438219665549695 0.8640736937522888 0.8640736937522888 
41 0.008438219665549695 0.8640736937522888 0.8640736937522888 
42 0.010125863598659635 0.8640736937522888 0.8640736937522888 
43 0.011813507531769574 0.8640736937522888 0.8640736937522888 
44 0.008438219665549695 0.8640736937522888 0.8640736937522888 
45 0.008438219665549695 0.8640736937522888 0.8640736937522888 
46 0.011813507531769574 0.8640736937522888 0.8640736937522888 
47 0.011813507531769574 0.8640736937522888 0.8640736937522888 
48 0.010125863598659635 0.8640736937522888 0.8640736937522888 
49 0.010125863598659635 0.8640736937522888 0.8640736937522888 
50 0.008438219665549695 0.8640736937522888 0.8640736937522888 
0 0.2877103399805492 0.8331140279769897 0.8331140279769897 
1 0.03589766746154055 0.8331140279769897 0.8331140279769897 
2 0.013547992508392781 0.8331140279769897 0.8331140279769897 
3 0.01119131245650351 0.8331140279769897 0.8331140279769897 
4 0.008085693698376417 0.8331140279769897 0.8331140279769897 
5 0.01133207103703171 0.8331140279769897 0.8331140279769897 
6 0.00811195618007332 0.8331140279769897 0.8331140279769897 
7 0.00811195618007332 0.8331140279769897 0.8331140279769897 
8 0.00811195618007332 0.8331140279769897 0.8331140279769897 
9 0.011366307851858437 0.8331140279769897 0.8331140279769897 
10 0.009755080682225525 0.8331140279769897 0.8331140279769897 
11 0.009763055015355349 0.8331140279769897 0.8331140279769897 
12 0.011390230851247907 0.8331140279769897 0.8331140279769897 
13 0.00813587917946279 0.8331140279769897 0.8331140279769897 
14 0.009763055015355349 0.8331140279769897 0.8331140279769897 
15 0.00813587917946279 0.8331140279769897 0.8331140279769897 
16 0.00813587917946279 0.8331140279769897 0.8331140279769897 
17 0.00813587917946279 0.8331140279769897 0.8331140279769897 
18 0.009763055015355349 0.8331140279769897 0.8331140279769897 
19 0.00813587917946279 0.8331140279769897 0.8331140279769897 
20 0.011390230851247907 0.8331140279769897 0.8331140279769897 
21 0.009763055015355349 0.8331140279769897 0.8331140279769897 
22 0.00813587917946279 0.8331140279769897 0.8331140279769897 
23 0.00813587917946279 0.8331140279769897 0.8331140279769897 
24 0.00813587917946279 0.8331140279769897 0.8331140279769897 
25 0.009763055015355349 0.8331140279769897 0.8331140279769897 
26 0.009763055015355349 0.8331140279769897 0.8331140279769897 
27 0.00813587917946279 0.8331140279769897 0.8331140279769897 
28 0.00813587917946279 0.8331140279769897 0.8331140279769897 
29 0.009763055015355349 0.8331140279769897 0.8331140279769897 
30 0.011390230851247907 0.8331140279769897 0.8331140279769897 
31 0.009763055015355349 0.8331140279769897 0.8331140279769897 
32 0.013017406687140465 0.8331140279769897 0.8331140279769897 
33 0.009763055015355349 0.8331140279769897 0.8331140279769897 
34 0.011390230851247907 0.8331140279769897 0.8331140279769897 
35 0.009763055015355349 0.8331140279769897 0.8331140279769897 
36 0.009763055015355349 0.8331140279769897 0.8331140279769897 
37 0.00813587917946279 0.8331140279769897 0.8331140279769897 
38 0.00813587917946279 0.8331140279769897 0.8331140279769897 
39 0.013017406687140465 0.8331140279769897 0.8331140279769897 
40 0.009763055015355349 0.8331140279769897 0.8331140279769897 
41 0.009763055015355349 0.8331140279769897 0.8331140279769897 
42 0.013017406687140465 0.8331140279769897 0.8331140279769897 
43 0.011390230851247907 0.8331140279769897 0.8331140279769897 
44 0.009763055015355349 0.8331140279769897 0.8331140279769897 
45 0.009763055015355349 0.8331140279769897 0.8331140279769897 
46 0.00813587917946279 0.8331140279769897 0.8331140279769897 
47 0.009763055015355349 0.8331140279769897 0.8331140279769897 
48 0.011390230851247907 0.8331140279769897 0.8331140279769897 
49 0.011390230851247907 0.8331140279769897 0.8331140279769897 
50 0.011390230851247907 0.8331140279769897 0.8331140279769897 
0 0.2877103486098349 0.7768935561180115 0.7768935561180115 
1 0.029089579154970124 0.7768935561180115 0.7768935561180115 
2 0.0136682020383887 0.7768935561180115 0.7768935561180115 
3 0.007534234668128192 0.7768935561180115 0.7768935561180115 
4 0.009051604894921184 0.7768935561180115 0.7768935561180115 
5 0.007555139251053333 0.7768935561180115 0.7768935561180115 
6 0.007555139251053333 0.7768935561180115 0.7768935561180115 
7 0.007555139251053333 0.7768935561180115 0.7768935561180115 
8 0.010586414602585137 0.7768935561180115 0.7768935561180115 
9 0.010600537993013859 0.7768935561180115 0.7768935561180115 
10 0.009100756258703768 0.7768935561180115 0.7768935561180115 
11 0.01213549671228975 0.7768935561180115 0.7768935561180115 
12 0.007586851133964956 0.7768935561180115 0.7768935561180115 
13 0.010621591587550938 0.7768935561180115 0.7768935561180115 
14 0.007586851133964956 0.7768935561180115 0.7768935561180115 
15 0.009104221360757947 0.7768935561180115 0.7768935561180115 
16 0.007586851133964956 0.7768935561180115 0.7768935561180115 
17 0.009104221360757947 0.7768935561180115 0.7768935561180115 
18 0.009104221360757947 0.7768935561180115 0.7768935561180115 
19 0.009104221360757947 0.7768935561180115 0.7768935561180115 
20 0.009104221360757947 0.7768935561180115 0.7768935561180115 
21 0.009104221360757947 0.7768935561180115 0.7768935561180115 
22 0.009104221360757947 0.7768935561180115 0.7768935561180115 
23 0.009104221360757947 0.7768935561180115 0.7768935561180115 
24 0.007586851133964956 0.7768935561180115 0.7768935561180115 
25 0.009104221360757947 0.7768935561180115 0.7768935561180115 
26 0.007586851133964956 0.7768935561180115 0.7768935561180115 
27 0.007586851133964956 0.7768935561180115 0.7768935561180115 
28 0.010621591587550938 0.7768935561180115 0.7768935561180115 
29 0.007586851133964956 0.7768935561180115 0.7768935561180115 
30 0.009104221360757947 0.7768935561180115 0.7768935561180115 
31 0.01365633204113692 0.7768935561180115 0.7768935561180115 
32 0.01365633204113692 0.7768935561180115 0.7768935561180115 
33 0.007586851133964956 0.7768935561180115 0.7768935561180115 
34 0.009104221360757947 0.7768935561180115 0.7768935561180115 
35 0.009104221360757947 0.7768935561180115 0.7768935561180115 
36 0.007586851133964956 0.7768935561180115 0.7768935561180115 
37 0.010621591587550938 0.7768935561180115 0.7768935561180115 
38 0.01213896181434393 0.7768935561180115 0.7768935561180115 
39 0.007586851133964956 0.7768935561180115 0.7768935561180115 
40 0.009104221360757947 0.7768935561180115 0.7768935561180115 
41 0.007586851133964956 0.7768935561180115 0.7768935561180115 
42 0.007586851133964956 0.7768935561180115 0.7768935561180115 
43 0.01213896181434393 0.7768935561180115 0.7768935561180115 
44 0.007586851133964956 0.7768935561180115 0.7768935561180115 
45 0.01213896181434393 0.7768935561180115 0.7768935561180115 
46 0.007586851133964956 0.7768935561180115 0.7768935561180115 
47 0.009104221360757947 0.7768935561180115 0.7768935561180115 
48 0.009104221360757947 0.7768935561180115 0.7768935561180115 
49 0.01213896181434393 0.7768935561180115 0.7768935561180115 
50 0.009104221360757947 0.7768935561180115 0.7768935561180115 
0 0.2877104102590238 0.8181718587875366 0.8181718587875366 
1 0.03292904928093776 0.8181718587875366 0.8181718587875366 
2 0.010244734847219661 0.8181718587875366 0.8181718587875366 
3 0.011438333167461678 0.8181718587875366 0.8181718587875366 
4 0.011153175961226225 0.8181718587875366 0.8181718587875366 
5 0.007982454495504498 0.8181718587875366 0.8181718587875366 
6 0.007982454495504498 0.8181718587875366 0.8181718587875366 
7 0.007982454495504498 0.8181718587875366 0.8181718587875366 
8 0.009580446407198906 0.8181718587875366 0.8181718587875366 
9 0.01278018276207149 0.8181718587875366 0.8181718587875366 
10 0.014381927205249667 0.8181718587875366 0.8181718587875366 
11 0.011185943381860852 0.8181718587875366 0.8181718587875366 
12 0.009587951470166445 0.8181718587875366 0.8181718587875366 
13 0.009587951470166445 0.8181718587875366 0.8181718587875366 
14 0.011185943381860852 0.8181718587875366 0.8181718587875366 
15 0.011185943381860852 0.8181718587875366 0.8181718587875366 
16 0.009587951470166445 0.8181718587875366 0.8181718587875366 
17 0.009587951470166445 0.8181718587875366 0.8181718587875366 
18 0.007989959558472037 0.8181718587875366 0.8181718587875366 
19 0.009587951470166445 0.8181718587875366 0.8181718587875366 
20 0.009587951470166445 0.8181718587875366 0.8181718587875366 
21 0.009587951470166445 0.8181718587875366 0.8181718587875366 
22 0.007989959558472037 0.8181718587875366 0.8181718587875366 
23 0.007989959558472037 0.8181718587875366 0.8181718587875366 
24 0.009587951470166445 0.8181718587875366 0.8181718587875366 
25 0.007989959558472037 0.8181718587875366 0.8181718587875366 
26 0.009587951470166445 0.8181718587875366 0.8181718587875366 
27 0.011185943381860852 0.8181718587875366 0.8181718587875366 
28 0.011185943381860852 0.8181718587875366 0.8181718587875366 
29 0.009587951470166445 0.8181718587875366 0.8181718587875366 
30 0.007989959558472037 0.8181718587875366 0.8181718587875366 
31 0.007989959558472037 0.8181718587875366 0.8181718587875366 
32 0.011185943381860852 0.8181718587875366 0.8181718587875366 
33 0.007989959558472037 0.8181718587875366 0.8181718587875366 
34 0.007989959558472037 0.8181718587875366 0.8181718587875366 
35 0.009587951470166445 0.8181718587875366 0.8181718587875366 
36 0.007989959558472037 0.8181718587875366 0.8181718587875366 
37 0.011185943381860852 0.8181718587875366 0.8181718587875366 
38 0.009587951470166445 0.8181718587875366 0.8181718587875366 
39 0.011185943381860852 0.8181718587875366 0.8181718587875366 
40 0.007989959558472037 0.8181718587875366 0.8181718587875366 
41 0.007989959558472037 0.8181718587875366 0.8181718587875366 
42 0.009587951470166445 0.8181718587875366 0.8181718587875366 
43 0.009587951470166445 0.8181718587875366 0.8181718587875366 
44 0.011185943381860852 0.8181718587875366 0.8181718587875366 
45 0.007989959558472037 0.8181718587875366 0.8181718587875366 
46 0.01278393529355526 0.8181718587875366 0.8181718587875366 
47 0.009587951470166445 0.8181718587875366 0.8181718587875366 
48 0.011185943381860852 0.8181718587875366 0.8181718587875366 
49 0.009587951470166445 0.8181718587875366 0.8181718587875366 
50 0.007989959558472037 0.8181718587875366 0.8181718587875366 
0 0.287710376403993 0.7984848022460938 0.7984848022460938 
1 0.02868492013658397 0.7984848022460938 0.7984848022460938 
2 0.014801261946558952 0.7984848022460938 0.7984848022460938 
3 0.007667426252737641 0.7984848022460938 0.7984848022460938 
4 0.007667426252737641 0.7984848022460938 0.7984848022460938 
5 0.007667426252737641 0.7984848022460938 0.7984848022460938 
6 0.009191090008243918 0.7984848022460938 0.7984848022460938 
7 0.007667426252737641 0.7984848022460938 0.7984848022460938 
8 0.010757694719359279 0.7984848022460938 0.7984848022460938 
9 0.007707283948548138 0.7984848022460938 0.7984848022460938 
10 0.010797552415169775 0.7984848022460938 0.7984848022460938 
11 0.00926682457793504 0.7984848022460938 0.7984848022460938 
12 0.0077400775626301765 0.7984848022460938 0.7984848022460938 
13 0.0077400775626301765 0.7984848022460938 0.7984848022460938 
14 0.009270805399864912 0.7984848022460938 0.7984848022460938 
15 0.009270805399864912 0.7984848022460938 0.7984848022460938 
16 0.0077400775626301765 0.7984848022460938 0.7984848022460938 
17 0.0077400775626301765 0.7984848022460938 0.7984848022460938 
18 0.009299618192017078 0.7984848022460938 0.7984848022460938 
19 0.007768890354782343 0.7984848022460938 0.7984848022460938 
20 0.007768890354782343 0.7984848022460938 0.7984848022460938 
21 0.007768890354782343 0.7984848022460938 0.7984848022460938 
22 0.007768890354782343 0.7984848022460938 0.7984848022460938 
23 0.007768890354782343 0.7984848022460938 0.7984848022460938 
24 0.009328430984169245 0.7984848022460938 0.7984848022460938 
25 0.009328430984169245 0.7984848022460938 0.7984848022460938 
26 0.009357243776321411 0.7984848022460938 0.7984848022460938 
27 0.009357243776321411 0.7984848022460938 0.7984848022460938 
28 0.007797703146934509 0.7984848022460938 0.7984848022460938 
29 0.009357243776321411 0.7984848022460938 0.7984848022460938 
30 0.010916784405708313 0.7984848022460938 0.7984848022460938 
31 0.014035865664482117 0.7984848022460938 0.7984848022460938 
32 0.012476325035095215 0.7984848022460938 0.7984848022460938 
33 0.010916784405708313 0.7984848022460938 0.7984848022460938 
34 0.007797703146934509 0.7984848022460938 0.7984848022460938 
35 0.007797703146934509 0.7984848022460938 0.7984848022460938 
36 0.010916784405708313 0.7984848022460938 0.7984848022460938 
37 0.009357243776321411 0.7984848022460938 0.7984848022460938 
38 0.012476325035095215 0.7984848022460938 0.7984848022460938 
39 0.009357243776321411 0.7984848022460938 0.7984848022460938 
40 0.009357243776321411 0.7984848022460938 0.7984848022460938 
41 0.007797703146934509 0.7984848022460938 0.7984848022460938 
42 0.009357243776321411 0.7984848022460938 0.7984848022460938 
43 0.010916784405708313 0.7984848022460938 0.7984848022460938 
44 0.010916784405708313 0.7984848022460938 0.7984848022460938 
45 0.010916784405708313 0.7984848022460938 0.7984848022460938 
46 0.007797703146934509 0.7984848022460938 0.7984848022460938 
47 0.007797703146934509 0.7984848022460938 0.7984848022460938 
48 0.007797703146934509 0.7984848022460938 0.7984848022460938 
49 0.007797703146934509 0.7984848022460938 0.7984848022460938 
50 0.009357243776321411 0.7984848022460938 0.7984848022460938 
0 0.2877103446298861 0.7759854197502136 0.7759854197502136 
1 0.030951334250858054 0.7759854197502136 0.7759854197502136 
2 0.012281151284696534 0.7759854197502136 0.7759854197502136 
3 0.01025408087298274 0.7759854197502136 0.7759854197502136 
4 0.011847724788822234 0.7759854197502136 0.7759854197502136 
5 0.008934896672144532 0.7759854197502136 0.7759854197502136 
6 0.007458970765583217 0.7759854197502136 0.7759854197502136 
7 0.008934896672144532 0.7759854197502136 0.7759854197502136 
8 0.008974567288532853 0.7759854197502136 0.7759854197502136 
9 0.007498641381971538 0.7759854197502136 0.7759854197502136 
10 0.013521356857381761 0.7759854197502136 0.7759854197502136 
11 0.012124772183597088 0.7759854197502136 0.7759854197502136 
12 0.00757798261474818 0.7759854197502136 0.7759854197502136 
13 0.010609175660647452 0.7759854197502136 0.7759854197502136 
14 0.00757798261474818 0.7759854197502136 0.7759854197502136 
15 0.00757798261474818 0.7759854197502136 0.7759854197502136 
16 0.00757798261474818 0.7759854197502136 0.7759854197502136 
17 0.009093579137697816 0.7759854197502136 0.7759854197502136 
18 0.012124772183597088 0.7759854197502136 0.7759854197502136 
19 0.010609175660647452 0.7759854197502136 0.7759854197502136 
20 0.009093579137697816 0.7759854197502136 0.7759854197502136 
21 0.010609175660647452 0.7759854197502136 0.7759854197502136 
22 0.00757798261474818 0.7759854197502136 0.7759854197502136 
23 0.010609175660647452 0.7759854197502136 0.7759854197502136 
24 0.010609175660647452 0.7759854197502136 0.7759854197502136 
25 0.00757798261474818 0.7759854197502136 0.7759854197502136 
26 0.00757798261474818 0.7759854197502136 0.7759854197502136 
27 0.010609175660647452 0.7759854197502136 0.7759854197502136 
28 0.009093579137697816 0.7759854197502136 0.7759854197502136 
29 0.00757798261474818 0.7759854197502136 0.7759854197502136 
30 0.00757798261474818 0.7759854197502136 0.7759854197502136 
31 0.010609175660647452 0.7759854197502136 0.7759854197502136 
32 0.00757798261474818 0.7759854197502136 0.7759854197502136 
33 0.00757798261474818 0.7759854197502136 0.7759854197502136 
34 0.009093579137697816 0.7759854197502136 0.7759854197502136 
35 0.00757798261474818 0.7759854197502136 0.7759854197502136 
36 0.009093579137697816 0.7759854197502136 0.7759854197502136 
37 0.010609175660647452 0.7759854197502136 0.7759854197502136 
38 0.00757798261474818 0.7759854197502136 0.7759854197502136 
39 0.00757798261474818 0.7759854197502136 0.7759854197502136 
40 0.009093579137697816 0.7759854197502136 0.7759854197502136 
41 0.010609175660647452 0.7759854197502136 0.7759854197502136 
42 0.00757798261474818 0.7759854197502136 0.7759854197502136 
43 0.009093579137697816 0.7759854197502136 0.7759854197502136 
44 0.009093579137697816 0.7759854197502136 0.7759854197502136 
45 0.009093579137697816 0.7759854197502136 0.7759854197502136 
46 0.009093579137697816 0.7759854197502136 0.7759854197502136 
47 0.00757798261474818 0.7759854197502136 0.7759854197502136 
48 0.010609175660647452 0.7759854197502136 0.7759854197502136 
49 0.00757798261474818 0.7759854197502136 0.7759854197502136 
50 0.009093579137697816 0.7759854197502136 0.7759854197502136 
0 0.287710383439844 0.7655613422393799 0.7655613422393799 
1 0.0232841003453359 0.7655613422393799 0.7655613422393799 
2 0.011727682314813137 0.7655613422393799 0.7655613422393799 
3 0.008703833329491317 0.7655613422393799 0.7655613422393799 
4 0.01016596658155322 0.7655613422393799 0.7655613422393799 
5 0.00731109082698822 0.7655613422393799 0.7655613422393799 
6 0.010169998975470662 0.7655613422393799 0.7655613422393799 
7 0.011632132227532566 0.7655613422393799 0.7655613422393799 
8 0.007343770004808903 0.7655613422393799 0.7655613422393799 
9 0.007343770004808903 0.7655613422393799 0.7655613422393799 
10 0.011730169760994613 0.7655613422393799 0.7655613422393799 
11 0.01026803650893271 0.7655613422393799 0.7655613422393799 
12 0.008805903256870806 0.7655613422393799 0.7655613422393799 
13 0.007343770004808903 0.7655613422393799 0.7655613422393799 
14 0.007343770004808903 0.7655613422393799 0.7655613422393799 
15 0.011730169760994613 0.7655613422393799 0.7655613422393799 
16 0.008805903256870806 0.7655613422393799 0.7655613422393799 
17 0.007343770004808903 0.7655613422393799 0.7655613422393799 
18 0.008805903256870806 0.7655613422393799 0.7655613422393799 
19 0.007343770004808903 0.7655613422393799 0.7655613422393799 
20 0.008805903256870806 0.7655613422393799 0.7655613422393799 
21 0.008805903256870806 0.7655613422393799 0.7655613422393799 
22 0.007343770004808903 0.7655613422393799 0.7655613422393799 
23 0.008805903256870806 0.7655613422393799 0.7655613422393799 
24 0.007343770004808903 0.7655613422393799 0.7655613422393799 
25 0.007343770004808903 0.7655613422393799 0.7655613422393799 
26 0.008805903256870806 0.7655613422393799 0.7655613422393799 
27 0.01026803650893271 0.7655613422393799 0.7655613422393799 
28 0.008839007001370192 0.7655613422393799 0.7655613422393799 
29 0.007376873749308288 0.7655613422393799 0.7655613422393799 
30 0.007376873749308288 0.7655613422393799 0.7655613422393799 
31 0.007376873749308288 0.7655613422393799 0.7655613422393799 
32 0.007376873749308288 0.7655613422393799 0.7655613422393799 
33 0.007376873749308288 0.7655613422393799 0.7655613422393799 
34 0.008872110745869577 0.7655613422393799 0.7655613422393799 
35 0.0074099774938076735 0.7655613422393799 0.7655613422393799 
36 0.008872110745869577 0.7655613422393799 0.7655613422393799 
37 0.0074099774938076735 0.7655613422393799 0.7655613422393799 
38 0.0074099774938076735 0.7655613422393799 0.7655613422393799 
39 0.0074099774938076735 0.7655613422393799 0.7655613422393799 
40 0.0074099774938076735 0.7655613422393799 0.7655613422393799 
41 0.011862584738992155 0.7655613422393799 0.7655613422393799 
42 0.007476184982806444 0.7655613422393799 0.7655613422393799 
43 0.008971421979367733 0.7655613422393799 0.7655613422393799 
44 0.008971421979367733 0.7655613422393799 0.7655613422393799 
45 0.007476184982806444 0.7655613422393799 0.7655613422393799 
46 0.008971421979367733 0.7655613422393799 0.7655613422393799 
47 0.008971421979367733 0.7655613422393799 0.7655613422393799 
48 0.008971421979367733 0.7655613422393799 0.7655613422393799 
49 0.007476184982806444 0.7655613422393799 0.7655613422393799 
50 0.008971421979367733 0.7655613422393799 0.7655613422393799 
0 0.2877103996943333 0.8378062844276428 0.8378062844276428 
1 0.03810874148621224 0.8378062844276428 0.8378062844276428 
2 0.016025946009904146 0.8378062844276428 0.8378062844276428 
3 0.011383912176825106 0.8378062844276428 0.8378062844276428 
4 0.011383912176825106 0.8378062844276428 0.8378062844276428 
5 0.008170352433808148 0.8378062844276428 0.8378062844276428 
6 0.008170352433808148 0.8378062844276428 0.8378062844276428 
7 0.008170352433808148 0.8378062844276428 0.8378062844276428 
8 0.008170352433808148 0.8378062844276428 0.8378062844276428 
9 0.009806692833080888 0.8378062844276428 0.8378062844276428 
10 0.008176027215085924 0.8378062844276428 0.8378062844276428 
11 0.008176027215085924 0.8378062844276428 0.8378062844276428 
12 0.009812367614358664 0.8378062844276428 0.8378062844276428 
13 0.013090723194181919 0.8378062844276428 0.8378062844276428 
14 0.00981804239563644 0.8378062844276428 0.8378062844276428 
15 0.013090723194181919 0.8378062844276428 0.8378062844276428 
16 0.0081817019963637 0.8378062844276428 0.8378062844276428 
17 0.00981804239563644 0.8378062844276428 0.8378062844276428 
18 0.0081817019963637 0.8378062844276428 0.8378062844276428 
19 0.0081817019963637 0.8378062844276428 0.8378062844276428 
20 0.00981804239563644 0.8378062844276428 0.8378062844276428 
21 0.0081817019963637 0.8378062844276428 0.8378062844276428 
22 0.013090723194181919 0.8378062844276428 0.8378062844276428 
23 0.0081817019963637 0.8378062844276428 0.8378062844276428 
24 0.00981804239563644 0.8378062844276428 0.8378062844276428 
25 0.00981804239563644 0.8378062844276428 0.8378062844276428 
26 0.00981804239563644 0.8378062844276428 0.8378062844276428 
27 0.01145438279490918 0.8378062844276428 0.8378062844276428 
28 0.01145438279490918 0.8378062844276428 0.8378062844276428 
29 0.00981804239563644 0.8378062844276428 0.8378062844276428 
30 0.0081817019963637 0.8378062844276428 0.8378062844276428 
31 0.0081817019963637 0.8378062844276428 0.8378062844276428 
32 0.00981804239563644 0.8378062844276428 0.8378062844276428 
33 0.00981804239563644 0.8378062844276428 0.8378062844276428 
34 0.0081817019963637 0.8378062844276428 0.8378062844276428 
35 0.01145438279490918 0.8378062844276428 0.8378062844276428 
36 0.00981804239563644 0.8378062844276428 0.8378062844276428 
37 0.00981804239563644 0.8378062844276428 0.8378062844276428 
38 0.0081817019963637 0.8378062844276428 0.8378062844276428 
39 0.0081817019963637 0.8378062844276428 0.8378062844276428 
40 0.00981804239563644 0.8378062844276428 0.8378062844276428 
41 0.00981804239563644 0.8378062844276428 0.8378062844276428 
42 0.00981804239563644 0.8378062844276428 0.8378062844276428 
43 0.0081817019963637 0.8378062844276428 0.8378062844276428 
44 0.00981804239563644 0.8378062844276428 0.8378062844276428 
45 0.01145438279490918 0.8378062844276428 0.8378062844276428 
46 0.01145438279490918 0.8378062844276428 0.8378062844276428 
47 0.00981804239563644 0.8378062844276428 0.8378062844276428 
48 0.00981804239563644 0.8378062844276428 0.8378062844276428 
49 0.01145438279490918 0.8378062844276428 0.8378062844276428 
50 0.0081817019963637 0.8378062844276428 0.8378062844276428 
0 0.2877103259888827 0.7657217383384705 0.7657217383384705 
1 0.029679109517019242 0.7657217383384705 0.7657217383384705 
2 0.009137346816714853 0.7657217383384705 0.7657217383384705 
3 0.008930022129788995 0.7657217383384705 0.7657217383384705 
4 0.007444708026014268 0.7657217383384705 0.7657217383384705 
5 0.008933972800150514 0.7657217383384705 0.7657217383384705 
6 0.008933972800150514 0.7657217383384705 0.7657217383384705 
7 0.014909888384863734 0.7657217383384705 0.7657217383384705 
8 0.008960730629041791 0.7657217383384705 0.7657217383384705 
9 0.010462566395290196 0.7657217383384705 0.7657217383384705 
10 0.00896701612509787 0.7657217383384705 0.7657217383384705 
11 0.00897330162115395 0.7657217383384705 0.7657217383384705 
12 0.007477751350961626 0.7657217383384705 0.7657217383384705 
13 0.00897330162115395 0.7657217383384705 0.7657217383384705 
14 0.00897330162115395 0.7657217383384705 0.7657217383384705 
15 0.007477751350961626 0.7657217383384705 0.7657217383384705 
16 0.00897330162115395 0.7657217383384705 0.7657217383384705 
17 0.00897330162115395 0.7657217383384705 0.7657217383384705 
18 0.007477751350961626 0.7657217383384705 0.7657217383384705 
19 0.00897330162115395 0.7657217383384705 0.7657217383384705 
20 0.007477751350961626 0.7657217383384705 0.7657217383384705 
21 0.007477751350961626 0.7657217383384705 0.7657217383384705 
22 0.00897330162115395 0.7657217383384705 0.7657217383384705 
23 0.007477751350961626 0.7657217383384705 0.7657217383384705 
24 0.011964402161538601 0.7657217383384705 0.7657217383384705 
25 0.011964402161538601 0.7657217383384705 0.7657217383384705 
26 0.010468851891346276 0.7657217383384705 0.7657217383384705 
27 0.007477751350961626 0.7657217383384705 0.7657217383384705 
28 0.00897330162115395 0.7657217383384705 0.7657217383384705 
29 0.007477751350961626 0.7657217383384705 0.7657217383384705 
30 0.007477751350961626 0.7657217383384705 0.7657217383384705 
31 0.007477751350961626 0.7657217383384705 0.7657217383384705 
32 0.00897330162115395 0.7657217383384705 0.7657217383384705 
33 0.00897330162115395 0.7657217383384705 0.7657217383384705 
34 0.007477751350961626 0.7657217383384705 0.7657217383384705 
35 0.010468851891346276 0.7657217383384705 0.7657217383384705 
36 0.011964402161538601 0.7657217383384705 0.7657217383384705 
37 0.00897330162115395 0.7657217383384705 0.7657217383384705 
38 0.007477751350961626 0.7657217383384705 0.7657217383384705 
39 0.007477751350961626 0.7657217383384705 0.7657217383384705 
40 0.007477751350961626 0.7657217383384705 0.7657217383384705 
41 0.007477751350961626 0.7657217383384705 0.7657217383384705 
42 0.00897330162115395 0.7657217383384705 0.7657217383384705 
43 0.010468851891346276 0.7657217383384705 0.7657217383384705 
44 0.007477751350961626 0.7657217383384705 0.7657217383384705 
45 0.007477751350961626 0.7657217383384705 0.7657217383384705 
46 0.007477751350961626 0.7657217383384705 0.7657217383384705 
47 0.007477751350961626 0.7657217383384705 0.7657217383384705 
48 0.00897330162115395 0.7657217383384705 0.7657217383384705 
49 0.00897330162115395 0.7657217383384705 0.7657217383384705 
50 0.007477751350961626 0.7657217383384705 0.7657217383384705 
0 0.287710333148425 0.8342750072479248 0.8342750072479248 
1 0.029455495299771428 0.8342750072479248 0.8342750072479248 
2 0.012385555892251432 0.8342750072479248 0.8342750072479248 
3 0.008008622098714113 0.8342750072479248 0.8342750072479248 
4 0.011255313758738339 0.8342750072479248 0.8342750072479248 
5 0.008084486820735037 0.8342750072479248 0.8342750072479248 
6 0.00970173510722816 0.8342750072479248 0.8342750072479248 
7 0.01134512817952782 0.8342750072479248 0.8342750072479248 
8 0.01134512817952782 0.8342750072479248 0.8342750072479248 
9 0.0113573232665658 0.8342750072479248 0.8342750072479248 
10 0.0113573232665658 0.8342750072479248 0.8342750072479248 
11 0.012986766640096903 0.8342750072479248 0.8342750072479248 
12 0.01625784847419709 0.8342750072479248 0.8342750072479248 
13 0.011406103614717722 0.8342750072479248 0.8342750072479248 
14 0.009776660241186619 0.8342750072479248 0.8342750072479248 
15 0.011406103614717722 0.8342750072479248 0.8342750072479248 
16 0.011406103614717722 0.8342750072479248 0.8342750072479248 
17 0.014664990361779928 0.8342750072479248 0.8342750072479248 
18 0.011406103614717722 0.8342750072479248 0.8342750072479248 
19 0.008147216867655516 0.8342750072479248 0.8342750072479248 
20 0.009776660241186619 0.8342750072479248 0.8342750072479248 
21 0.011406103614717722 0.8342750072479248 0.8342750072479248 
22 0.009776660241186619 0.8342750072479248 0.8342750072479248 
23 0.008147216867655516 0.8342750072479248 0.8342750072479248 
24 0.008147216867655516 0.8342750072479248 0.8342750072479248 
25 0.011406103614717722 0.8342750072479248 0.8342750072479248 
26 0.008147216867655516 0.8342750072479248 0.8342750072479248 
27 0.009776660241186619 0.8342750072479248 0.8342750072479248 
28 0.009776660241186619 0.8342750072479248 0.8342750072479248 
29 0.009776660241186619 0.8342750072479248 0.8342750072479248 
30 0.008147216867655516 0.8342750072479248 0.8342750072479248 
31 0.008147216867655516 0.8342750072479248 0.8342750072479248 
32 0.009776660241186619 0.8342750072479248 0.8342750072479248 
33 0.008147216867655516 0.8342750072479248 0.8342750072479248 
34 0.009776660241186619 0.8342750072479248 0.8342750072479248 
35 0.009776660241186619 0.8342750072479248 0.8342750072479248 
36 0.008147216867655516 0.8342750072479248 0.8342750072479248 
37 0.008147216867655516 0.8342750072479248 0.8342750072479248 
38 0.009776660241186619 0.8342750072479248 0.8342750072479248 
39 0.008147216867655516 0.8342750072479248 0.8342750072479248 
40 0.009776660241186619 0.8342750072479248 0.8342750072479248 
41 0.009776660241186619 0.8342750072479248 0.8342750072479248 
42 0.011406103614717722 0.8342750072479248 0.8342750072479248 
43 0.011406103614717722 0.8342750072479248 0.8342750072479248 
44 0.008147216867655516 0.8342750072479248 0.8342750072479248 
45 0.008147216867655516 0.8342750072479248 0.8342750072479248 
46 0.008147216867655516 0.8342750072479248 0.8342750072479248 
47 0.008147216867655516 0.8342750072479248 0.8342750072479248 
48 0.009776660241186619 0.8342750072479248 0.8342750072479248 
49 0.009776660241186619 0.8342750072479248 0.8342750072479248 
50 0.009776660241186619 0.8342750072479248 0.8342750072479248 
0 0.2877103776554577 0.7182198166847229 0.7182198166847229 
1 0.029842771094990894 0.7182198166847229 0.7182198166847229 
2 0.007327205676119775 0.7182198166847229 0.7182198166847229 
3 0.009514887584373355 0.7182198166847229 0.7182198166847229 
4 0.009568125824443996 0.7182198166847229 0.7182198166847229 
5 0.009634426329284906 0.7182198166847229 0.7182198166847229 
6 0.00692958920262754 0.7182198166847229 0.7182198166847229 
7 0.011090437648817897 0.7182198166847229 0.7182198166847229 
8 0.007013865397311747 0.7182198166847229 0.7182198166847229 
9 0.007013865397311747 0.7182198166847229 0.7182198166847229 
10 0.007013865397311747 0.7182198166847229 0.7182198166847229 
11 0.009819411556236446 0.7182198166847229 0.7182198166847229 
12 0.009819411556236446 0.7182198166847229 0.7182198166847229 
13 0.008416638476774096 0.7182198166847229 0.7182198166847229 
14 0.008416638476774096 0.7182198166847229 0.7182198166847229 
15 0.008416638476774096 0.7182198166847229 0.7182198166847229 
16 0.008416638476774096 0.7182198166847229 0.7182198166847229 
17 0.007013865397311747 0.7182198166847229 0.7182198166847229 
18 0.009819411556236446 0.7182198166847229 0.7182198166847229 
19 0.008416638476774096 0.7182198166847229 0.7182198166847229 
20 0.007013865397311747 0.7182198166847229 0.7182198166847229 
21 0.009819411556236446 0.7182198166847229 0.7182198166847229 
22 0.009819411556236446 0.7182198166847229 0.7182198166847229 
23 0.009819411556236446 0.7182198166847229 0.7182198166847229 
24 0.007013865397311747 0.7182198166847229 0.7182198166847229 
25 0.008416638476774096 0.7182198166847229 0.7182198166847229 
26 0.008416638476774096 0.7182198166847229 0.7182198166847229 
27 0.008416638476774096 0.7182198166847229 0.7182198166847229 
28 0.007013865397311747 0.7182198166847229 0.7182198166847229 
29 0.008416638476774096 0.7182198166847229 0.7182198166847229 
30 0.007013865397311747 0.7182198166847229 0.7182198166847229 
31 0.008416638476774096 0.7182198166847229 0.7182198166847229 
32 0.011222184635698795 0.7182198166847229 0.7182198166847229 
33 0.008416638476774096 0.7182198166847229 0.7182198166847229 
34 0.007013865397311747 0.7182198166847229 0.7182198166847229 
35 0.009819411556236446 0.7182198166847229 0.7182198166847229 
36 0.007013865397311747 0.7182198166847229 0.7182198166847229 
37 0.009819411556236446 0.7182198166847229 0.7182198166847229 
38 0.007013865397311747 0.7182198166847229 0.7182198166847229 
39 0.007013865397311747 0.7182198166847229 0.7182198166847229 
40 0.007013865397311747 0.7182198166847229 0.7182198166847229 
41 0.008416638476774096 0.7182198166847229 0.7182198166847229 
42 0.007013865397311747 0.7182198166847229 0.7182198166847229 
43 0.008416638476774096 0.7182198166847229 0.7182198166847229 
44 0.008416638476774096 0.7182198166847229 0.7182198166847229 
45 0.009819411556236446 0.7182198166847229 0.7182198166847229 
46 0.007013865397311747 0.7182198166847229 0.7182198166847229 
47 0.011222184635698795 0.7182198166847229 0.7182198166847229 
48 0.011222184635698795 0.7182198166847229 0.7182198166847229 
49 0.008416638476774096 0.7182198166847229 0.7182198166847229 
50 0.007013865397311747 0.7182198166847229 0.7182198166847229 
0 0.2877103607315803 0.8068893551826477 0.8068893551826477 
1 0.027710493508493528 0.8068893551826477 0.8068893551826477 
2 0.011787773721152917 0.8068893551826477 0.8068893551826477 
3 0.009219564264640212 0.8068893551826477 0.8068893551826477 
4 0.007797178812325001 0.8068893551826477 0.8068893551826477 
5 0.007797178812325001 0.8068893551826477 0.8068893551826477 
6 0.007797178812325001 0.8068893551826477 0.8068893551826477 
7 0.007797178812325001 0.8068893551826477 0.8068893551826477 
8 0.009332684334367514 0.8068893551826477 0.8068893551826477 
9 0.009343612706288695 0.8068893551826477 0.8068893551826477 
10 0.009354541078209877 0.8068893551826477 0.8068893551826477 
11 0.009382928488776088 0.8068893551826477 0.8068893551826477 
12 0.010929362382739782 0.8068893551826477 0.8068893551826477 
13 0.007836494594812393 0.8068893551826477 0.8068893551826477 
14 0.010976912686601281 0.8068893551826477 0.8068893551826477 
15 0.007866016472689807 0.8068893551826477 0.8068893551826477 
16 0.007866016472689807 0.8068893551826477 0.8068893551826477 
17 0.011005300097167492 0.8068893551826477 0.8068893551826477 
18 0.009451196761801839 0.8068893551826477 0.8068893551826477 
19 0.009452331229113042 0.8068893551826477 0.8068893551826477 
20 0.011029421468265355 0.8068893551826477 0.8068893551826477 
21 0.009455734631046653 0.8068893551826477 0.8068893551826477 
22 0.007879778859205544 0.8068893551826477 0.8068893551826477 
23 0.007879778859205544 0.8068893551826477 0.8068893551826477 
24 0.007879778859205544 0.8068893551826477 0.8068893551826477 
25 0.009455734631046653 0.8068893551826477 0.8068893551826477 
26 0.009455734631046653 0.8068893551826477 0.8068893551826477 
27 0.009455734631046653 0.8068893551826477 0.8068893551826477 
28 0.011031690402887762 0.8068893551826477 0.8068893551826477 
29 0.009455734631046653 0.8068893551826477 0.8068893551826477 
30 0.007879778859205544 0.8068893551826477 0.8068893551826477 
31 0.009455734631046653 0.8068893551826477 0.8068893551826477 
32 0.007879778859205544 0.8068893551826477 0.8068893551826477 
33 0.009455734631046653 0.8068893551826477 0.8068893551826477 
34 0.009455734631046653 0.8068893551826477 0.8068893551826477 
35 0.011031690402887762 0.8068893551826477 0.8068893551826477 
36 0.009455734631046653 0.8068893551826477 0.8068893551826477 
37 0.009455734631046653 0.8068893551826477 0.8068893551826477 
38 0.009455734631046653 0.8068893551826477 0.8068893551826477 
39 0.009455734631046653 0.8068893551826477 0.8068893551826477 
40 0.007879778859205544 0.8068893551826477 0.8068893551826477 
41 0.007879778859205544 0.8068893551826477 0.8068893551826477 
42 0.009455734631046653 0.8068893551826477 0.8068893551826477 
43 0.007879778859205544 0.8068893551826477 0.8068893551826477 
44 0.009455734631046653 0.8068893551826477 0.8068893551826477 
45 0.007879778859205544 0.8068893551826477 0.8068893551826477 
46 0.007879778859205544 0.8068893551826477 0.8068893551826477 
47 0.007879778859205544 0.8068893551826477 0.8068893551826477 
48 0.011031690402887762 0.8068893551826477 0.8068893551826477 
49 0.011031690402887762 0.8068893551826477 0.8068893551826477 
50 0.009455734631046653 0.8068893551826477 0.8068893551826477 
0 0.2877103956780047 0.7617471218109131 0.7617471218109131 
1 0.03230570035520941 0.7617471218109131 0.7617471218109131 
2 0.007726660987827927 0.7617471218109131 0.7617471218109131 
3 0.0074237053049728274 0.7617471218109131 0.7617471218109131 
4 0.008911492652259767 0.7617471218109131 0.7617471218109131 
5 0.007431376958265901 0.7617471218109131 0.7617471218109131 
6 0.00891916430555284 0.7617471218109131 0.7617471218109131 
7 0.011902298778295517 0.7617471218109131 0.7617471218109131 
8 0.008926724083721638 0.7617471218109131 0.7617471218109131 
9 0.008926724083721638 0.7617471218109131 0.7617471218109131 
10 0.008926724083721638 0.7617471218109131 0.7617471218109131 
11 0.008926724083721638 0.7617471218109131 0.7617471218109131 
12 0.007438936736434698 0.7617471218109131 0.7617471218109131 
13 0.007438936736434698 0.7617471218109131 0.7617471218109131 
14 0.008926724083721638 0.7617471218109131 0.7617471218109131 
15 0.007438936736434698 0.7617471218109131 0.7617471218109131 
16 0.007438936736434698 0.7617471218109131 0.7617471218109131 
17 0.007438936736434698 0.7617471218109131 0.7617471218109131 
18 0.010414511431008577 0.7617471218109131 0.7617471218109131 
19 0.007438936736434698 0.7617471218109131 0.7617471218109131 
20 0.008926724083721638 0.7617471218109131 0.7617471218109131 
21 0.010414511431008577 0.7617471218109131 0.7617471218109131 
22 0.008926724083721638 0.7617471218109131 0.7617471218109131 
23 0.008926724083721638 0.7617471218109131 0.7617471218109131 
24 0.010414511431008577 0.7617471218109131 0.7617471218109131 
25 0.010414511431008577 0.7617471218109131 0.7617471218109131 
26 0.011902298778295517 0.7617471218109131 0.7617471218109131 
27 0.008926724083721638 0.7617471218109131 0.7617471218109131 
28 0.008926724083721638 0.7617471218109131 0.7617471218109131 
29 0.008926724083721638 0.7617471218109131 0.7617471218109131 
30 0.008926724083721638 0.7617471218109131 0.7617471218109131 
31 0.007438936736434698 0.7617471218109131 0.7617471218109131 
32 0.007438936736434698 0.7617471218109131 0.7617471218109131 
33 0.007438936736434698 0.7617471218109131 0.7617471218109131 
34 0.008926724083721638 0.7617471218109131 0.7617471218109131 
35 0.008926724083721638 0.7617471218109131 0.7617471218109131 
36 0.008926724083721638 0.7617471218109131 0.7617471218109131 
37 0.010414511431008577 0.7617471218109131 0.7617471218109131 
38 0.008926724083721638 0.7617471218109131 0.7617471218109131 
39 0.007438936736434698 0.7617471218109131 0.7617471218109131 
40 0.007438936736434698 0.7617471218109131 0.7617471218109131 
41 0.007438936736434698 0.7617471218109131 0.7617471218109131 
42 0.007438936736434698 0.7617471218109131 0.7617471218109131 
43 0.011902298778295517 0.7617471218109131 0.7617471218109131 
44 0.010414511431008577 0.7617471218109131 0.7617471218109131 
45 0.007438936736434698 0.7617471218109131 0.7617471218109131 
46 0.007438936736434698 0.7617471218109131 0.7617471218109131 
47 0.007438936736434698 0.7617471218109131 0.7617471218109131 
48 0.008926724083721638 0.7617471218109131 0.7617471218109131 
49 0.010414511431008577 0.7617471218109131 0.7617471218109131 
50 0.008926724083721638 0.7617471218109131 0.7617471218109131 
0 0.28771038514969405 0.8174957036972046 0.8174957036972046 
1 0.04024518097867258 0.8174957036972046 0.8174957036972046 
2 0.012386147602228448 0.8174957036972046 0.8174957036972046 
3 0.009400202776305377 0.8174957036972046 0.8174957036972046 
4 0.01099687407258898 0.8174957036972046 0.8174957036972046 
5 0.007884217076934874 0.8174957036972046 0.8174957036972046 
6 0.012641184497624636 0.8174957036972046 0.8174957036972046 
7 0.009513934841379523 0.8174957036972046 0.8174957036972046 
8 0.007950310013256967 0.8174957036972046 0.8174957036972046 
9 0.009513934841379523 0.8174957036972046 0.8174957036972046 
10 0.009513934841379523 0.8174957036972046 0.8174957036972046 
11 0.00954698130954057 0.8174957036972046 0.8174957036972046 
12 0.009580027777701616 0.8174957036972046 0.8174957036972046 
13 0.007983356481418014 0.8174957036972046 0.8174957036972046 
14 0.007983356481418014 0.8174957036972046 0.8174957036972046 
15 0.009580027777701616 0.8174957036972046 0.8174957036972046 
16 0.007983356481418014 0.8174957036972046 0.8174957036972046 
17 0.007983356481418014 0.8174957036972046 0.8174957036972046 
18 0.007983356481418014 0.8174957036972046 0.8174957036972046 
19 0.009580027777701616 0.8174957036972046 0.8174957036972046 
20 0.012773370370268822 0.8174957036972046 0.8174957036972046 
21 0.011176699073985219 0.8174957036972046 0.8174957036972046 
22 0.009580027777701616 0.8174957036972046 0.8174957036972046 
23 0.012773370370268822 0.8174957036972046 0.8174957036972046 
24 0.009580027777701616 0.8174957036972046 0.8174957036972046 
25 0.012773370370268822 0.8174957036972046 0.8174957036972046 
26 0.007983356481418014 0.8174957036972046 0.8174957036972046 
27 0.009580027777701616 0.8174957036972046 0.8174957036972046 
28 0.009580027777701616 0.8174957036972046 0.8174957036972046 
29 0.009580027777701616 0.8174957036972046 0.8174957036972046 
30 0.009580027777701616 0.8174957036972046 0.8174957036972046 
31 0.009580027777701616 0.8174957036972046 0.8174957036972046 
32 0.011176699073985219 0.8174957036972046 0.8174957036972046 
33 0.007983356481418014 0.8174957036972046 0.8174957036972046 
34 0.009580027777701616 0.8174957036972046 0.8174957036972046 
35 0.007983356481418014 0.8174957036972046 0.8174957036972046 
36 0.007983356481418014 0.8174957036972046 0.8174957036972046 
37 0.007983356481418014 0.8174957036972046 0.8174957036972046 
38 0.009580027777701616 0.8174957036972046 0.8174957036972046 
39 0.009580027777701616 0.8174957036972046 0.8174957036972046 
40 0.009580027777701616 0.8174957036972046 0.8174957036972046 
41 0.011176699073985219 0.8174957036972046 0.8174957036972046 
42 0.009580027777701616 0.8174957036972046 0.8174957036972046 
43 0.009580027777701616 0.8174957036972046 0.8174957036972046 
44 0.011176699073985219 0.8174957036972046 0.8174957036972046 
45 0.009580027777701616 0.8174957036972046 0.8174957036972046 
46 0.011176699073985219 0.8174957036972046 0.8174957036972046 
47 0.007983356481418014 0.8174957036972046 0.8174957036972046 
48 0.009580027777701616 0.8174957036972046 0.8174957036972046 
49 0.011176699073985219 0.8174957036972046 0.8174957036972046 
50 0.007983356481418014 0.8174957036972046 0.8174957036972046 
0 0.2877103058999637 0.7706001996994019 0.7706001996994019 
1 0.034557190141640604 0.7706001996994019 0.7706001996994019 
2 0.014640262292232364 0.7706001996994019 0.7706001996994019 
3 0.009729824378155172 0.7706001996994019 0.7706001996994019 
4 0.008924300316721201 0.7706001996994019 0.7706001996994019 
5 0.007462157867848873 0.7706001996994019 0.7706001996994019 
6 0.008967236382886767 0.7706001996994019 0.7706001996994019 
7 0.010467035695910454 0.7706001996994019 0.7706001996994019 
8 0.007509554969146848 0.7706001996994019 0.7706001996994019 
9 0.009009354282170534 0.7706001996994019 0.7706001996994019 
10 0.009014633484184742 0.7706001996994019 0.7706001996994019 
11 0.0075148341711610556 0.7706001996994019 0.7706001996994019 
12 0.00901991268619895 0.7706001996994019 0.7706001996994019 
13 0.009025191888213158 0.7706001996994019 0.7706001996994019 
14 0.01053554960526526 0.7706001996994019 0.7706001996994019 
15 0.007525392575189471 0.7706001996994019 0.7706001996994019 
16 0.007525392575189471 0.7706001996994019 0.7706001996994019 
17 0.009030471090227365 0.7706001996994019 0.7706001996994019 
18 0.009030471090227365 0.7706001996994019 0.7706001996994019 
19 0.009030471090227365 0.7706001996994019 0.7706001996994019 
20 0.009030471090227365 0.7706001996994019 0.7706001996994019 
21 0.007525392575189471 0.7706001996994019 0.7706001996994019 
22 0.009030471090227365 0.7706001996994019 0.7706001996994019 
23 0.007525392575189471 0.7706001996994019 0.7706001996994019 
24 0.007525392575189471 0.7706001996994019 0.7706001996994019 
25 0.007525392575189471 0.7706001996994019 0.7706001996994019 
26 0.009030471090227365 0.7706001996994019 0.7706001996994019 
27 0.009030471090227365 0.7706001996994019 0.7706001996994019 
28 0.009030471090227365 0.7706001996994019 0.7706001996994019 
29 0.009030471090227365 0.7706001996994019 0.7706001996994019 
30 0.007525392575189471 0.7706001996994019 0.7706001996994019 
31 0.009030471090227365 0.7706001996994019 0.7706001996994019 
32 0.007525392575189471 0.7706001996994019 0.7706001996994019 
33 0.007525392575189471 0.7706001996994019 0.7706001996994019 
34 0.012040628120303154 0.7706001996994019 0.7706001996994019 
35 0.01053554960526526 0.7706001996994019 0.7706001996994019 
36 0.007525392575189471 0.7706001996994019 0.7706001996994019 
37 0.007525392575189471 0.7706001996994019 0.7706001996994019 
38 0.01053554960526526 0.7706001996994019 0.7706001996994019 
39 0.009030471090227365 0.7706001996994019 0.7706001996994019 
40 0.007525392575189471 0.7706001996994019 0.7706001996994019 
41 0.009030471090227365 0.7706001996994019 0.7706001996994019 
42 0.012040628120303154 0.7706001996994019 0.7706001996994019 
43 0.009030471090227365 0.7706001996994019 0.7706001996994019 
44 0.01053554960526526 0.7706001996994019 0.7706001996994019 
45 0.007525392575189471 0.7706001996994019 0.7706001996994019 
46 0.007525392575189471 0.7706001996994019 0.7706001996994019 
47 0.007525392575189471 0.7706001996994019 0.7706001996994019 
48 0.009030471090227365 0.7706001996994019 0.7706001996994019 
49 0.007525392575189471 0.7706001996994019 0.7706001996994019 
50 0.007525392575189471 0.7706001996994019 0.7706001996994019 
0 0.28771041141590104 0.7923539876937866 0.7923539876937866 
1 0.022978183667873964 0.7923539876937866 0.7923539876937866 
2 0.008178600284736603 0.7923539876937866 0.7923539876937866 
3 0.009092449094168842 0.7923539876937866 0.7923539876937866 
4 0.010585159878246486 0.7923539876937866 0.7923539876937866 
5 0.007607705309055746 0.7923539876937866 0.7923539876937866 
6 0.007607705309055746 0.7923539876937866 0.7923539876937866 
7 0.007607705309055746 0.7923539876937866 0.7923539876937866 
8 0.009125580778345466 0.7923539876937866 0.7923539876937866 
9 0.007632869994267821 0.7923539876937866 0.7923539876937866 
10 0.007632869994267821 0.7923539876937866 0.7923539876937866 
11 0.007632869994267821 0.7923539876937866 0.7923539876937866 
12 0.007632869994267821 0.7923539876937866 0.7923539876937866 
13 0.009180436376482248 0.7923539876937866 0.7923539876937866 
14 0.007678450085222721 0.7923539876937866 0.7923539876937866 
15 0.007678450085222721 0.7923539876937866 0.7923539876937866 
16 0.007678450085222721 0.7923539876937866 0.7923539876937866 
17 0.012291458318941295 0.7923539876937866 0.7923539876937866 
18 0.007737831911072135 0.7923539876937866 0.7923539876937866 
19 0.007737831911072135 0.7923539876937866 0.7923539876937866 
20 0.007737831911072135 0.7923539876937866 0.7923539876937866 
21 0.007737831911072135 0.7923539876937866 0.7923539876937866 
22 0.007737831911072135 0.7923539876937866 0.7923539876937866 
23 0.009285398293286562 0.7923539876937866 0.7923539876937866 
24 0.009285398293286562 0.7923539876937866 0.7923539876937866 
25 0.010832964675500989 0.7923539876937866 0.7923539876937866 
26 0.009285398293286562 0.7923539876937866 0.7923539876937866 
27 0.007737831911072135 0.7923539876937866 0.7923539876937866 
28 0.007737831911072135 0.7923539876937866 0.7923539876937866 
29 0.009285398293286562 0.7923539876937866 0.7923539876937866 
30 0.009285398293286562 0.7923539876937866 0.7923539876937866 
31 0.007737831911072135 0.7923539876937866 0.7923539876937866 
32 0.007737831911072135 0.7923539876937866 0.7923539876937866 
33 0.007737831911072135 0.7923539876937866 0.7923539876937866 
34 0.007737831911072135 0.7923539876937866 0.7923539876937866 
35 0.007737831911072135 0.7923539876937866 0.7923539876937866 
36 0.007737831911072135 0.7923539876937866 0.7923539876937866 
37 0.007737831911072135 0.7923539876937866 0.7923539876937866 
38 0.009285398293286562 0.7923539876937866 0.7923539876937866 
39 0.009285398293286562 0.7923539876937866 0.7923539876937866 
40 0.007737831911072135 0.7923539876937866 0.7923539876937866 
41 0.007737831911072135 0.7923539876937866 0.7923539876937866 
42 0.010832964675500989 0.7923539876937866 0.7923539876937866 
43 0.009285398293286562 0.7923539876937866 0.7923539876937866 
44 0.010832964675500989 0.7923539876937866 0.7923539876937866 
45 0.010832964675500989 0.7923539876937866 0.7923539876937866 
46 0.007737831911072135 0.7923539876937866 0.7923539876937866 
47 0.009285398293286562 0.7923539876937866 0.7923539876937866 
48 0.007737831911072135 0.7923539876937866 0.7923539876937866 
49 0.007737831911072135 0.7923539876937866 0.7923539876937866 
50 0.007737831911072135 0.7923539876937866 0.7923539876937866 
0 0.2877102588536218 0.7405864596366882 0.7405864596366882 
1 0.030648037063656375 0.7405864596366882 0.7405864596366882 
2 0.011335189890814945 0.7405864596366882 0.7405864596366882 
3 0.010172159149078652 0.7405864596366882 0.7405864596366882 
4 0.009929629508405924 0.7405864596366882 0.7405864596366882 
5 0.0086106788367033 0.7405864596366882 0.7405864596366882 
6 0.01007639104500413 0.7405864596366882 0.7405864596366882 
7 0.010105498717166483 0.7405864596366882 0.7405864596366882 
8 0.008663967484608293 0.7405864596366882 0.7405864596366882 
9 0.008668894181028008 0.7405864596366882 0.7405864596366882 
10 0.008673820877447724 0.7405864596366882 0.7405864596366882 
11 0.00867874757386744 0.7405864596366882 0.7405864596366882 
12 0.011571663431823254 0.7405864596366882 0.7405864596366882 
13 0.010125205502845347 0.7405864596366882 0.7405864596366882 
14 0.011571663431823254 0.7405864596366882 0.7405864596366882 
15 0.01301812136080116 0.7405864596366882 0.7405864596366882 
16 0.0072322896448895335 0.7405864596366882 0.7405864596366882 
17 0.0072322896448895335 0.7405864596366882 0.7405864596366882 
18 0.010125205502845347 0.7405864596366882 0.7405864596366882 
19 0.0072322896448895335 0.7405864596366882 0.7405864596366882 
20 0.0072322896448895335 0.7405864596366882 0.7405864596366882 
21 0.00867874757386744 0.7405864596366882 0.7405864596366882 
22 0.00867874757386744 0.7405864596366882 0.7405864596366882 
23 0.0072322896448895335 0.7405864596366882 0.7405864596366882 
24 0.0072322896448895335 0.7405864596366882 0.7405864596366882 
25 0.0072322896448895335 0.7405864596366882 0.7405864596366882 
26 0.00867874757386744 0.7405864596366882 0.7405864596366882 
27 0.0072322896448895335 0.7405864596366882 0.7405864596366882 
28 0.0072322896448895335 0.7405864596366882 0.7405864596366882 
29 0.0072322896448895335 0.7405864596366882 0.7405864596366882 
30 0.010125205502845347 0.7405864596366882 0.7405864596366882 
31 0.010125205502845347 0.7405864596366882 0.7405864596366882 
32 0.00867874757386744 0.7405864596366882 0.7405864596366882 
33 0.0072322896448895335 0.7405864596366882 0.7405864596366882 
34 0.0072322896448895335 0.7405864596366882 0.7405864596366882 
35 0.0072322896448895335 0.7405864596366882 0.7405864596366882 
36 0.010125205502845347 0.7405864596366882 0.7405864596366882 
37 0.010125205502845347 0.7405864596366882 0.7405864596366882 
38 0.00867874757386744 0.7405864596366882 0.7405864596366882 
39 0.00867874757386744 0.7405864596366882 0.7405864596366882 
40 0.010125205502845347 0.7405864596366882 0.7405864596366882 
41 0.00867874757386744 0.7405864596366882 0.7405864596366882 
42 0.0072322896448895335 0.7405864596366882 0.7405864596366882 
43 0.00867874757386744 0.7405864596366882 0.7405864596366882 
44 0.00867874757386744 0.7405864596366882 0.7405864596366882 
45 0.00867874757386744 0.7405864596366882 0.7405864596366882 
46 0.010125205502845347 0.7405864596366882 0.7405864596366882 
47 0.00867874757386744 0.7405864596366882 0.7405864596366882 
48 0.00867874757386744 0.7405864596366882 0.7405864596366882 
49 0.00867874757386744 0.7405864596366882 0.7405864596366882 
50 0.00867874757386744 0.7405864596366882 0.7405864596366882 
